0.0,202,200,-2,-10485,-10420,-65,0
0.01,201,200,-1,-5372,-5210,-162,0
0.02,201,200,-1,-5437,-5210,-227,0
0.03,201,200,-1,-5502,-5210,-292,0
0.04,201,200,-1,-5567,-5210,-357,0
0.05,200,200,0,-357,0,-357,0
0.06,201,200,-1,-5599,-5210,-389,0
0.07,201,200,-1,-5664,-5210,-454,0
0.08,200,200,0,-454,0,-454,0
0.09,200,200,0,-454,0,-454,0
0.1,201,200,-1,-5696,-5210,-486,0
0.11,201,200,-1,-5761,-5210,-551,0
0.12,200,200,0,-551,0,-551,0
0.13,201,200,-1,-5793,-5210,-583,0
0.14,201,200,-1,-5858,-5210,-648,0
0.15,201,200,-1,-5923,-5210,-713,0
0.16,201,200,-1,-5988,-5210,-778,0
0.17,200,200,0,-778,0,-778,0
0.18,201,200,-1,-6020,-5210,-810,0
0.19,201,200,-1,-6085,-5210,-875,0
0.2,201,200,-1,-6150,-5210,-940,0
0.21,201,200,-1,-6215,-5210,-1005,0
0.22,201,200,-1,-6280,-5210,-1070,0
0.23,201,200,-1,-6345,-5210,-1135,0
0.24,201,200,-1,-6410,-5210,-1200,0
0.25,200,200,0,-1200,0,-1200,0
0.26,201,200,-1,-6442,-5210,-1232,0
0.27,201,200,-1,-6507,-5210,-1297,0
0.28,201,200,-1,-6572,-5210,-1362,0
0.29,200,200,0,-1362,0,-1362,0
0.3,201,200,-1,-6604,-5210,-1394,0
0.31,201,200,-1,-6669,-5210,-1459,0
0.32,200,200,0,-1459,0,-1459,0
0.33,197,200,3,14268,15630,-1362,0
0.34,196,200,4,19705,20840,-1135,0
0.35,198,200,2,9480,10420,-940,0
0.36,197,200,3,14852,15630,-778,0
0.37,196,200,4,20289,20840,-551,0
0.38,197,200,3,15306,15630,-324,0
0.39,198,200,2,10258,10420,-162,0
0.4,197,200,3,15630,15630,0,0
0.41,196,200,4,21067,20840,227,0
0.42,197,200,3,16084,15630,454,0
0.43,198,200,2,11036,10420,616,0
0.44,197,200,3,16408,15630,778,0
0.45,197,200,3,16603,15630,973,0
0.46,197,200,3,16798,15630,1168,0
0.47,198,200,2,11750,10420,1330,0
0.48,197,200,3,17122,15630,1492,0
0.49,196,200,4,22559,20840,1719,0
0.5,197,200,3,17576,15630,1946,0
0.51,198,200,2,12528,10420,2108,0
0.52,197,200,3,17900,15630,2270,0
0.53,199,200,1,7610,5210,2400,0
0.54,201,200,-1,-2810,-5210,2400,0
0.55,202,200,-2,-8117,-10420,2303,0
0.56,201,200,-1,-3004,-5210,2206,0
0.57,201,200,-1,-3069,-5210,2141,0
0.58,201,200,-1,-3134,-5210,2076,0
0.59,201,200,-1,-3199,-5210,2011,0
0.6,201,200,-1,-3264,-5210,1946,0
0.61,202,200,-2,-8571,-10420,1849,0
0.62,204,200,-4,-19186,-20840,1654,0
0.63,204,200,-4,-19446,-20840,1394,0
0.64,203,200,-3,-14463,-15630,1167,0
0.65,202,200,-2,-9415,-10420,1005,0
0.66,200,200,0,1005,0,1005,0
0.67,201,200,-1,-4237,-5210,973,0
0.68,202,200,-2,-9544,-10420,876,0
0.69,201,200,-1,-4431,-5210,779,0
0.7,203,200,-3,-14981,-15630,649,0
0.71,204,200,-4,-20418,-20840,422,0
0.72,203,200,-3,-15435,-15630,195,0
0.73,202,200,-2,-10387,-10420,33,0
0.74,199,200,1,5211,5210,1,0
0.75,200,200,0,1,0,1,0
0.76,201,200,-1,-5241,-5210,-31,0
0.77,199,200,1,5179,5210,-31,0
0.78,200,200,0,-31,0,-31,0
0.79,201,200,-1,-5273,-5210,-63,0
0.8,201,200,-1,-5338,-5210,-128,0
0.81,200,200,0,-128,0,-128,0
0.82,199,200,1,5114,5210,-96,0
0.83,201,200,-1,-5306,-5210,-96,0
0.84,201,200,-1,-5371,-5210,-161,0
0.85,200,200,0,-161,0,-161,0
0.86,199,200,1,5081,5210,-129,0
0.87,200,200,0,-129,0,-129,0
0.88,201,200,-1,-5371,-5210,-161,0
0.89,200,200,0,-161,0,-161,0
0.9,200,200,0,-161,0,-161,0
0.91,201,200,-1,-5403,-5210,-193,0
0.92,201,200,-1,-5468,-5210,-258,0
0.93,200,200,0,-258,0,-258,0
0.94,200,200,0,-258,0,-258,0
0.95,200,200,0,-258,0,-258,0
0.96,199,200,1,4984,5210,-226,0
0.97,200,200,0,-226,0,-226,0
0.98,200,200,0,-226,0,-226,0
0.99,200,200,0,-226,0,-226,0
1.0,201,200,-1,-5468,-5210,-258,0
1.01,200,200,0,-258,0,-258,0
1.02,200,200,0,-258,0,-258,0
1.03,200,200,0,-258,0,-258,0
1.04,201,200,-1,-5500,-5210,-290,0
1.05,200,200,0,-290,0,-290,0
1.06,200,200,0,-290,0,-290,0
1.07,200,200,0,-290,0,-290,0
1.08,201,200,-1,-5532,-5210,-322,0
1.09,200,200,0,-322,0,-322,0
1.1,200,200,0,-322,0,-322,0
1.11,200,200,0,-322,0,-322,0
1.12,201,200,-1,-5564,-5210,-354,0
1.13,200,200,0,-354,0,-354,0
1.14,200,200,0,-354,0,-354,0
1.15,200,200,0,-354,0,-354,0
1.16,201,200,-1,-5596,-5210,-386,0
1.17,200,200,0,-386,0,-386,0
1.18,199,200,1,4856,5210,-354,0
1.19,200,200,0,-354,0,-354,0
1.2,201,200,-1,-5596,-5210,-386,0
1.21,200,200,0,-386,0,-386,0
1.22,200,200,0,-386,0,-386,0
1.23,200,200,0,-386,0,-386,0
1.24,201,200,-1,-5628,-5210,-418,0
1.25,200,200,0,-418,0,-418,0
1.26,201,200,-1,-5660,-5210,-450,0
1.27,200,200,0,-450,0,-450,0
1.28,201,200,-1,-5692,-5210,-482,0
1.29,200,200,0,-482,0,-482,0
1.3,199,200,1,4760,5210,-450,0
1.31,200,200,0,-450,0,-450,0
1.32,199,200,1,4792,5210,-418,0
1.33,200,200,0,-418,0,-418,0
1.34,198,200,2,10067,10420,-353,0
1.35,196,200,4,20682,20840,-158,0
1.36,197,200,3,15699,15630,69,0
1.37,197,200,3,15894,15630,264,0
1.38,196,200,4,21331,20840,491,0
1.39,196,200,4,21591,20840,751,0
1.4,197,200,3,16608,15630,978,0
1.41,197,200,3,16803,15630,1173,0
1.42,196,200,4,22240,20840,1400,0
1.43,196,200,4,22500,20840,1660,0
1.44,197,200,3,17517,15630,1887,0
1.45,197,200,3,17712,15630,2082,0
1.46,198,200,2,12664,10420,2244,0
1.47,200,200,0,2244,0,2244,0
1.48,201,200,-1,-2998,-5210,2212,0
1.49,200,200,0,2212,0,2212,0
1.5,200,200,0,2212,0,2212,0
1.51,200,200,0,2212,0,2212,0
1.52,201,200,-1,-3030,-5210,2180,0
1.53,201,200,-1,-3095,-5210,2115,0
1.54,200,200,0,2115,0,2115,0
1.55,200,200,0,2115,0,2115,0
1.56,201,200,-1,-3127,-5210,2083,0
1.57,201,200,-1,-3192,-5210,2018,0
1.58,201,200,-1,-3257,-5210,1953,0
1.59,202,200,-2,-8564,-10420,1856,0
1.6,204,200,-4,-19179,-20840,1661,0
1.61,203,200,-3,-14196,-15630,1434,0
1.62,202,200,-2,-9148,-10420,1272,0
1.63,201,200,-1,-4035,-5210,1175,0
1.64,200,200,0,1175,0,1175,0
1.65,201,200,-1,-4067,-5210,1143,0
1.66,200,200,0,1143,0,1143,0
1.67,199,200,1,6385,5210,1175,0
1.68,201,200,-1,-4035,-5210,1175,0
1.69,201,200,-1,-4100,-5210,1110,0
1.7,201,200,-1,-4165,-5210,1045,0
1.71,201,200,-1,-4230,-5210,980,0
1.72,201,200,-1,-4295,-5210,915,0
1.73,202,200,-2,-9602,-10420,818,0
1.74,201,200,-1,-4489,-5210,721,0
1.75,201,200,-1,-4554,-5210,656,0
1.76,201,200,-1,-4619,-5210,591,0
1.77,201,200,-1,-4684,-5210,526,0
1.78,201,200,-1,-4749,-5210,461,0
1.79,200,200,0,461,0,461,0
1.8,201,200,-1,-4781,-5210,429,0
1.81,201,200,-1,-4846,-5210,364,0
1.82,201,200,-1,-4911,-5210,299,0
1.83,200,200,0,299,0,299,0
1.84,201,200,-1,-4943,-5210,267,0
1.85,201,200,-1,-5008,-5210,202,0
1.86,201,200,-1,-5073,-5210,137,0
1.87,200,200,0,137,0,137,0
1.88,201,200,-1,-5105,-5210,105,0
1.89,201,200,-1,-5170,-5210,40,0
1.9,201,200,-1,-5235,-5210,-25,0
1.91,201,200,-1,-5300,-5210,-90,0
1.92,201,200,-1,-5365,-5210,-155,0
1.93,201,200,-1,-5430,-5210,-220,0
1.94,201,200,-1,-5495,-5210,-285,0
1.95,201,200,-1,-5560,-5210,-350,0
1.96,201,200,-1,-5625,-5210,-415,0
1.97,201,200,-1,-5690,-5210,-480,0
1.98,201,200,-1,-5755,-5210,-545,0
1.99,200,200,0,-545,0,-545,0
2.0,200,200,0,-545,0,-545,0
2.01,201,200,-1,-5787,-5210,-577,0
2.02,201,200,-1,-5852,-5210,-642,0
2.03,201,200,-1,-5917,-5210,-707,0
2.04,201,200,-1,-5982,-5210,-772,0
2.05,201,200,-1,-6047,-5210,-837,0
2.06,201,200,-1,-6112,-5210,-902,0
2.07,201,200,-1,-6177,-5210,-967,0
2.08,200,200,0,-967,0,-967,0
2.09,201,200,-1,-6209,-5210,-999,0
2.1,201,200,-1,-6274,-5210,-1064,0
2.11,201,200,-1,-6339,-5210,-1129,0
2.12,201,200,-1,-6404,-5210,-1194,0
2.13,201,200,-1,-6469,-5210,-1259,0
2.14,201,200,-1,-6534,-5210,-1324,0
2.15,201,200,-1,-6599,-5210,-1389,0
2.16,200,200,0,-1389,0,-1389,0
2.17,201,200,-1,-6631,-5210,-1421,0
2.18,201,200,-1,-6696,-5210,-1486,0
2.19,201,200,-1,-6761,-5210,-1551,0
2.2,200,200,0,-1551,0,-1551,0
2.21,201,200,-1,-6793,-5210,-1583,0
2.22,201,200,-1,-6858,-5210,-1648,0
2.23,200,200,0,-1648,0,-1648,0
2.24,197,200,3,14079,15630,-1551,0
2.25,197,200,3,14274,15630,-1356,0
2.26,198,200,2,9226,10420,-1194,0
2.27,197,200,3,14598,15630,-1032,0
2.28,196,200,4,20035,20840,-805,0
2.29,197,200,3,15052,15630,-578,0
2.3,198,200,2,10004,10420,-416,0
2.31,197,200,3,15376,15630,-254,0
2.32,197,200,3,15571,15630,-59,0
2.33,197,200,3,15766,15630,136,0
2.34,198,200,2,10718,10420,298,0
2.35,197,200,3,16090,15630,460,0
2.36,196,200,4,21527,20840,687,0
2.37,197,200,3,16544,15630,914,0
2.38,197,200,3,16739,15630,1109,0
2.39,197,200,3,16934,15630,1304,0
2.4,197,200,3,17129,15630,1499,0
2.41,197,200,3,17324,15630,1694,0
2.42,198,200,2,12276,10420,1856,0
2.43,198,200,2,12406,10420,1986,0
2.44,199,200,1,7293,5210,2083,0
2.45,201,200,-1,-3127,-5210,2083,0
2.46,201,200,-1,-3192,-5210,2018,0
2.47,201,200,-1,-3257,-5210,1953,0
2.48,201,200,-1,-3322,-5210,1888,0
2.49,201,200,-1,-3387,-5210,1823,0
2.5,201,200,-1,-3452,-5210,1758,0
2.51,201,200,-1,-3517,-5210,1693,0
2.52,200,200,0,1693,0,1693,0
2.53,201,200,-1,-3549,-5210,1661,0
2.54,201,200,-1,-3614,-5210,1596,0
2.55,201,200,-1,-3679,-5210,1531,0
2.56,201,200,-1,-3744,-5210,1466,0
2.57,201,200,-1,-3809,-5210,1401,0
2.58,201,200,-1,-3874,-5210,1336,0
2.59,201,200,-1,-3939,-5210,1271,0
2.6,201,200,-1,-4004,-5210,1206,0
2.61,201,200,-1,-4069,-5210,1141,0
2.62,201,200,-1,-4134,-5210,1076,0
2.63,201,200,-1,-4199,-5210,1011,0
2.64,201,200,-1,-4264,-5210,946,0
2.65,201,200,-1,-4329,-5210,881,0
2.66,201,200,-1,-4394,-5210,816,0
2.67,201,200,-1,-4459,-5210,751,0
2.68,201,200,-1,-4524,-5210,686,0
2.69,200,200,0,686,0,686,0
2.7,201,200,-1,-4556,-5210,654,0
2.71,200,200,0,654,0,654,0
2.72,200,200,0,654,0,654,0
2.73,200,200,0,654,0,654,0
2.74,200,200,0,654,0,654,0
2.75,200,200,0,654,0,654,0
2.76,200,200,0,654,0,654,0
2.77,200,200,0,654,0,654,0
2.78,201,200,-1,-4588,-5210,622,0
2.79,201,200,-1,-4653,-5210,557,0
2.8,200,200,0,557,0,557,0
2.81,200,200,0,557,0,557,0
2.82,201,200,-1,-4685,-5210,525,0
2.83,201,200,-1,-4750,-5210,460,0
2.84,200,200,0,460,0,460,0
2.85,199,200,1,5702,5210,492,0
2.86,200,200,0,492,0,492,0
2.87,201,200,-1,-4750,-5210,460,0
2.88,200,200,0,460,0,460,0
2.89,200,200,0,460,0,460,0
2.9,200,200,0,460,0,460,0
2.91,201,200,-1,-4782,-5210,428,0
2.92,200,200,0,428,0,428,0
2.93,200,200,0,428,0,428,0
2.94,200,200,0,428,0,428,0
2.95,201,200,-1,-4814,-5210,396,0
2.96,200,200,0,396,0,396,0
2.97,200,200,0,396,0,396,0
2.98,200,200,0,396,0,396,0
2.99,201,200,-1,-4846,-5210,364,0
3.0,200,200,0,364,0,364,0
3.01,200,200,0,364,0,364,0
3.02,200,200,0,364,0,364,0
3.03,201,200,-1,-4878,-5210,332,0
3.04,201,200,-1,-4943,-5210,267,0
3.05,200,200,0,267,0,267,0
3.06,200,200,0,267,0,267,0
3.07,201,200,-1,-4975,-5210,235,0
3.08,200,200,0,235,0,235,0
3.09,200,200,0,235,0,235,0
3.1,200,200,0,235,0,235,0
3.11,201,200,-1,-5007,-5210,203,0
3.12,201,200,-1,-5072,-5210,138,0
3.13,200,200,0,138,0,138,0
3.14,200,200,0,138,0,138,0
3.15,201,200,-1,-5104,-5210,106,0
3.16,201,200,-1,-5169,-5210,41,0
3.17,200,200,0,41,0,41,0
3.18,200,200,0,41,0,41,0
3.19,201,200,-1,-5201,-5210,9,0
3.2,201,200,-1,-5266,-5210,-56,0
3.21,200,200,0,-56,0,-56,0
3.22,200,200,0,-56,0,-56,0
3.23,201,200,-1,-5298,-5210,-88,0
3.24,201,200,-1,-5363,-5210,-153,0
3.25,200,200,0,-153,0,-153,0
3.26,200,200,0,-153,0,-153,0
3.27,201,200,-1,-5395,-5210,-185,0
3.28,201,200,-1,-5460,-5210,-250,0
3.29,200,200,0,-250,0,-250,0
3.3,200,200,0,-250,0,-250,0
3.31,201,200,-1,-5492,-5210,-282,0
3.32,200,200,0,-282,0,-282,0
3.33,200,200,0,-282,0,-282,0
3.34,200,200,0,-282,0,-282,0
3.35,201,200,-1,-5524,-5210,-314,0
3.36,201,200,-1,-5589,-5210,-379,0
3.37,200,200,0,-379,0,-379,0
3.38,200,200,0,-379,0,-379,0
3.39,201,200,-1,-5621,-5210,-411,0
3.4,201,200,-1,-5686,-5210,-476,0
3.41,200,200,0,-476,0,-476,0
3.42,200,200,0,-476,0,-476,0
3.43,200,200,0,-476,0,-476,0
3.44,201,200,-1,-5718,-5210,-508,0
3.45,199,200,1,4702,5210,-508,0
3.46,197,200,3,15252,15630,-378,0
3.47,196,200,4,20689,20840,-151,0
3.48,197,200,3,15706,15630,76,0
3.49,197,200,3,15901,15630,271,0
3.5,199,200,1,5611,5210,401,0
3.51,201,200,-1,-4809,-5210,401,0
3.52,201,200,-1,-4874,-5210,336,0
3.53,199,200,1,5546,5210,336,0
3.54,197,200,3,16096,15630,466,0
3.55,195,200,5,26776,26050,726,0
3.56,197,200,3,16616,15630,986,0
3.57,197,200,3,16811,15630,1181,0
3.58,198,200,2,11763,10420,1343,0
3.59,201,200,-1,-3835,-5210,1375,0
3.6,201,200,-1,-3900,-5210,1310,0
3.61,200,200,0,1310,0,1310,0
3.62,200,200,0,1310,0,1310,0
3.63,200,200,0,1310,0,1310,0
3.64,201,200,-1,-3932,-5210,1278,0
3.65,200,200,0,1278,0,1278,0
3.66,200,200,0,1278,0,1278,0
3.67,200,200,0,1278,0,1278,0
3.68,201,200,-1,-3964,-5210,1246,0
3.69,201,200,-1,-4029,-5210,1181,0
3.7,200,200,0,1181,0,1181,0
3.71,201,200,-1,-4061,-5210,1149,0
3.72,201,200,-1,-4126,-5210,1084,0
3.73,201,200,-1,-4191,-5210,1019,0
3.74,201,200,-1,-4256,-5210,954,0
3.75,201,200,-1,-4321,-5210,889,0
3.76,201,200,-1,-4386,-5210,824,0
3.77,201,200,-1,-4451,-5210,759,0
3.78,200,200,0,759,0,759,0
3.79,201,200,-1,-4483,-5210,727,0
3.8,201,200,-1,-4548,-5210,662,0
3.81,201,200,-1,-4613,-5210,597,0
3.82,200,200,0,597,0,597,0
3.83,201,200,-1,-4645,-5210,565,0
3.84,201,200,-1,-4710,-5210,500,0
3.85,201,200,-1,-4775,-5210,435,0
3.86,201,200,-1,-4840,-5210,370,0
3.87,201,200,-1,-4905,-5210,305,0
3.88,201,200,-1,-4970,-5210,240,0
3.89,201,200,-1,-5035,-5210,175,0
3.9,201,200,-1,-5100,-5210,110,0
3.91,201,200,-1,-5165,-5210,45,0
3.92,201,200,-1,-5230,-5210,-20,0
3.93,201,200,-1,-5295,-5210,-85,0
3.94,201,200,-1,-5360,-5210,-150,0
3.95,201,200,-1,-5425,-5210,-215,0
3.96,201,200,-1,-5490,-5210,-280,0
3.97,201,200,-1,-5555,-5210,-345,0
3.98,201,200,-1,-5620,-5210,-410,0
3.99,201,200,-1,-5685,-5210,-475,0
4.0,201,200,-1,-5750,-5210,-540,0
4.01,201,200,-1,-5815,-5210,-605,0
4.02,200,200,0,-605,0,-605,0
4.03,200,200,0,-605,0,-605,0
4.04,201,200,-1,-5847,-5210,-637,0
4.05,201,200,-1,-5912,-5210,-702,0
4.06,201,200,-1,-5977,-5210,-767,0
4.07,201,200,-1,-6042,-5210,-832,0
4.08,201,200,-1,-6107,-5210,-897,0
4.09,201,200,-1,-6172,-5210,-962,0
4.1,201,200,-1,-6237,-5210,-1027,0
4.11,200,200,0,-1027,0,-1027,0
4.12,201,200,-1,-6269,-5210,-1059,0
4.13,201,200,-1,-6334,-5210,-1124,0
4.14,201,200,-1,-6399,-5210,-1189,0
4.15,201,200,-1,-6464,-5210,-1254,0
4.16,201,200,-1,-6529,-5210,-1319,0
4.17,201,200,-1,-6594,-5210,-1384,0
4.18,201,200,-1,-6659,-5210,-1449,0
4.19,200,200,0,-1449,0,-1449,0
4.2,201,200,-1,-6691,-5210,-1481,0
4.21,201,200,-1,-6756,-5210,-1546,0
4.22,200,200,0,-1546,0,-1546,0
4.23,198,200,2,8939,10420,-1481,0
4.24,196,200,4,19554,20840,-1286,0
4.25,198,200,2,9329,10420,-1091,0
4.26,197,200,3,14701,15630,-929,0
4.27,196,200,4,20138,20840,-702,0
4.28,197,200,3,15155,15630,-475,0
4.29,198,200,2,10107,10420,-313,0
4.3,197,200,3,15479,15630,-151,0
4.31,197,200,3,15674,15630,44,0
4.32,197,200,3,15869,15630,239,0
4.33,198,200,2,10821,10420,401,0
4.34,197,200,3,16193,15630,563,0
4.35,197,200,3,16388,15630,758,0
4.36,197,200,3,16583,15630,953,0
4.37,198,200,2,11535,10420,1115,0
4.38,196,200,4,22150,20840,1310,0
4.39,197,200,3,17167,15630,1537,0
4.4,197,200,3,17362,15630,1732,0
4.41,198,200,2,12314,10420,1894,0
4.42,198,200,2,12444,10420,2024,0
4.43,198,200,2,12574,10420,2154,0
4.44,201,200,-1,-3024,-5210,2186,0
4.45,201,200,-1,-3089,-5210,2121,0
4.46,201,200,-1,-3154,-5210,2056,0
4.47,201,200,-1,-3219,-5210,1991,0
4.48,201,200,-1,-3284,-5210,1926,0
4.49,201,200,-1,-3349,-5210,1861,0
4.5,201,200,-1,-3414,-5210,1796,0
4.51,200,200,0,1796,0,1796,0
4.52,201,200,-1,-3446,-5210,1764,0
4.53,201,200,-1,-3511,-5210,1699,0
4.54,201,200,-1,-3576,-5210,1634,0
4.55,201,200,-1,-3641,-5210,1569,0
4.56,200,200,0,1569,0,1569,0
4.57,201,200,-1,-3673,-5210,1537,0
4.58,201,200,-1,-3738,-5210,1472,0
4.59,201,200,-1,-3803,-5210,1407,0
4.6,200,200,0,1407,0,1407,0
4.61,201,200,-1,-3835,-5210,1375,0
4.62,201,200,-1,-3900,-5210,1310,0
4.63,200,200,0,1310,0,1310,0
4.64,201,200,-1,-3932,-5210,1278,0
4.65,201,200,-1,-3997,-5210,1213,0
4.66,201,200,-1,-4062,-5210,1148,0
4.67,200,200,0,1148,0,1148,0
4.68,200,200,0,1148,0,1148,0
4.69,200,200,0,1148,0,1148,0
4.7,201,200,-1,-4094,-5210,1116,0
4.71,200,200,0,1116,0,1116,0
4.72,200,200,0,1116,0,1116,0
4.73,200,200,0,1116,0,1116,0
4.74,201,200,-1,-4126,-5210,1084,0
4.75,200,200,0,1084,0,1084,0
4.76,200,200,0,1084,0,1084,0
4.77,201,200,-1,-4158,-5210,1052,0
4.78,201,200,-1,-4223,-5210,987,0
4.79,200,200,0,987,0,987,0
4.8,200,200,0,987,0,987,0
4.81,200,200,0,987,0,987,0
4.82,201,200,-1,-4255,-5210,955,0
4.83,200,200,0,955,0,955,0
4.84,200,200,0,955,0,955,0
4.85,200,200,0,955,0,955,0
4.86,201,200,-1,-4287,-5210,923,0
4.87,200,200,0,923,0,923,0
4.88,200,200,0,923,0,923,0
4.89,200,200,0,923,0,923,0
4.9,201,200,-1,-4319,-5210,891,0
4.91,200,200,0,891,0,891,0
4.92,199,200,1,6133,5210,923,0
4.93,200,200,0,923,0,923,0
4.94,201,200,-1,-4319,-5210,891,0
4.95,200,200,0,891,0,891,0
4.96,200,200,0,891,0,891,0
4.97,200,200,0,891,0,891,0
4.98,201,200,-1,-4351,-5210,859,0
4.99,200,200,0,859,0,859,0
5.0,200,200,0,859,0,859,0
5.01,200,200,0,859,0,859,0
5.02,201,200,-1,-4383,-5210,827,0
5.03,200,200,0,827,0,827,0
5.04,200,200,0,827,0,827,0
5.05,200,200,0,827,0,827,0
5.06,201,200,-1,-4415,-5210,795,0
5.07,200,200,0,795,0,795,0
5.08,200,200,0,795,0,795,0
5.09,200,200,0,795,0,795,0
5.1,201,200,-1,-4447,-5210,763,0
5.11,201,200,-1,-4512,-5210,698,0
5.12,200,200,0,698,0,698,0
5.13,200,200,0,698,0,698,0
5.14,201,200,-1,-4544,-5210,666,0
5.15,201,200,-1,-4609,-5210,601,0
5.16,200,200,0,601,0,601,0
5.17,200,200,0,601,0,601,0
5.18,201,200,-1,-4641,-5210,569,0
5.19,201,200,-1,-4706,-5210,504,0
5.2,200,200,0,504,0,504,0
5.21,200,200,0,504,0,504,0
5.22,201,200,-1,-4738,-5210,472,0
5.23,200,200,0,472,0,472,0
5.24,200,200,0,472,0,472,0
5.25,200,200,0,472,0,472,0
5.26,200,200,0,472,0,472,0
5.27,201,200,-1,-4770,-5210,440,0
5.28,200,200,0,440,0,440,0
5.29,200,200,0,440,0,440,0
5.3,201,200,-1,-4802,-5210,408,0
5.31,201,200,-1,-4867,-5210,343,0
5.32,200,350,150,250000,781500,5194,0
5.33,199,350,151,250000,786710,9627,0
5.34,200,350,150,250000,781500,13964,0
5.35,201,350,149,250000,776290,18244,0
5.36,200,350,150,250000,781500,22534,0
5.37,199,350,151,250000,786710,26794,0
5.38,200,350,150,250000,781500,30959,0
5.39,201,350,149,250000,776290,35069,0
5.4,201,350,149,250000,776290,39158,0
5.41,204,350,146,250000,760660,43108,0
5.42,207,350,143,250000,745030,46980,0
5.43,206,350,144,250000,750240,50904,0
5.44,207,350,143,250000,745030,54737,0
5.45,214,350,136,250000,708560,58323,0
5.46,218,350,132,250000,687720,61880,0
5.47,216,350,134,250000,698140,65544,0
5.48,218,350,132,250000,687720,69068,0
5.49,224,350,126,250000,656460,72400,0
5.5,228,350,122,250000,635620,75686,0
5.51,227,350,123,250000,640830,79050,0
5.52,228,350,122,250000,635620,82328,0
5.53,234,350,116,250000,604360,85397,0
5.54,239,350,111,250000,578310,88390,0
5.55,238,350,112,250000,583520,91483,0
5.56,239,350,111,250000,578310,94493,0
5.57,245,350,105,250000,547050,97297,0
5.58,250,350,100,250000,521000,100028,0
5.59,249,350,101,250000,526210,102862,0
5.6,249,350,101,250000,526210,105648,0
5.61,256,350,94,250000,489740,108178,0
5.62,261,350,89,250000,463690,110657,0
5.63,260,350,90,250000,468900,113241,0
5.64,260,350,90,250000,468900,115780,0
5.65,266,350,84,250000,437640,118098,0
5.66,272,350,78,250000,406380,120315,0
5.67,271,350,79,250000,411590,122659,0
5.68,271,350,79,250000,411590,124960,0
5.69,277,350,73,250000,380330,127043,0
5.7,283,350,67,250000,349070,129027,0
5.71,283,350,67,250000,349070,131109,0
5.72,282,350,68,250000,354280,133202,0
5.73,286,350,64,250000,333440,135125,0
5.74,289,350,61,250000,317810,137009,0
5.75,289,350,61,250000,317810,138933,0
5.76,289,350,61,250000,317810,140837,0
5.77,294,350,56,250000,291760,142560,0
5.78,301,350,49,250000,255290,144135,0
5.79,302,350,48,250000,250080,145799,0
5.8,299,350,51,250000,265710,147563,0
5.81,305,350,45,250000,234450,149056,0
5.82,312,350,38,250000,197980,150423,0
5.83,312,350,38,250000,197980,151913,0
5.84,311,350,39,250000,203190,153421,0
5.85,316,350,34,250000,177140,154731,0
5.86,323,350,27,250000,140670,155898,0
5.87,324,350,26,250000,135460,157158,0
5.88,322,350,28,250000,145880,158490,0
5.89,327,350,23,250000,119830,159606,0
5.9,334,350,16,243941,83360,160581,0
5.91,336,350,14,234497,72940,161557,0
5.92,334,350,16,245893,83360,162533,0
5.93,338,350,12,225964,62520,163444,0
5.94,346,350,4,184804,20840,163964,0
5.95,348,350,2,174579,10420,164159,0
5.96,346,350,4,185194,20840,164354,0
5.97,350,350,0,164354,0,164354,0
5.98,357,350,-7,127657,-36470,164127,0
5.99,360,350,-10,111474,-52100,163574,0
6.0,358,350,-8,121308,-41680,162988,0
6.01,360,350,-10,110302,-52100,162402,0
6.02,365,350,-15,83438,-78150,161588,0
6.03,367,350,-17,71977,-88570,160547,0
6.04,366,350,-16,76113,-83360,159473,0
6.05,367,350,-17,69829,-88570,158399,0
6.06,369,350,-19,58237,-98990,157227,0
6.07,370,350,-20,51758,-104200,155958,0
6.08,370,350,-20,50456,-104200,154656,0
6.09,370,350,-20,49154,-104200,153354,0
6.1,372,350,-22,37367,-114620,151987,0
6.11,374,350,-24,25450,-125040,150490,0
6.12,374,350,-24,23888,-125040,148928,0
6.13,374,350,-24,22326,-125040,147366,0
6.14,376,350,-26,10278,-135460,145738,0
6.15,378,350,-28,-1900,-145880,143980,0
6.16,378,350,-28,-3723,-145880,142157,0
6.17,378,350,-28,-5546,-145880,140334,0
6.18,378,350,-28,-7369,-145880,138511,0
6.19,377,350,-27,-3949,-140670,136721,0
6.2,378,350,-28,-10949,-145880,134931,0
6.21,378,350,-28,-12772,-145880,133108,0
6.22,377,350,-27,-9352,-140670,131318,0
6.23,378,350,-28,-16352,-145880,129528,0
6.24,378,350,-28,-18175,-145880,127705,0
6.25,378,350,-28,-19998,-145880,125882,0
6.26,377,350,-27,-16578,-140670,124092,0
6.27,377,350,-27,-18336,-140670,122334,0
6.28,378,350,-28,-25336,-145880,120544,0
6.29,378,350,-28,-27159,-145880,118721,0
6.3,377,350,-27,-23739,-140670,116931,0
6.31,378,350,-28,-30739,-145880,115141,0
6.32,378,350,-28,-32562,-145880,113318,0
6.33,378,350,-28,-34385,-145880,111495,0
6.34,377,350,-27,-30965,-140670,109705,0
6.35,377,350,-27,-32723,-140670,107947,0
6.36,378,350,-28,-39723,-145880,106157,0
6.37,378,350,-28,-41546,-145880,104334,0
6.38,377,350,-27,-38126,-140670,102544,0
6.39,377,350,-27,-39884,-140670,100786,0
6.4,378,350,-28,-46884,-145880,98996,0
6.41,378,350,-28,-48707,-145880,97173,0
6.42,377,350,-27,-45287,-140670,95383,0
6.43,377,350,-27,-47045,-140670,93625,0
6.44,378,350,-28,-54045,-145880,91835,0
6.45,378,350,-28,-55868,-145880,90012,0
6.46,376,350,-26,-47206,-135460,88254,0
6.47,373,350,-23,-33171,-119830,86659,0
6.48,374,350,-24,-39911,-125040,85129,0
6.49,374,350,-24,-41473,-125040,83567,0
6.5,373,350,-23,-37793,-119830,82037,0
6.51,373,350,-23,-39290,-119830,80540,0
6.52,374,350,-24,-46030,-125040,79010,0
6.53,376,350,-26,-58078,-135460,77382,0
6.54,372,350,-22,-38800,-114620,75820,0
6.55,369,350,-19,-24504,-98990,74486,0
6.56,369,350,-19,-25741,-98990,73249,0
6.57,371,350,-21,-37463,-109410,71947,0
6.58,369,350,-19,-28345,-98990,70645,0
6.59,369,350,-19,-29582,-98990,69408,0
6.6,370,350,-20,-36061,-104200,68139,0
6.61,370,350,-20,-37363,-104200,66837,0
6.62,371,350,-21,-43907,-109410,65503,0
6.63,369,350,-19,-34789,-98990,64201,0
6.64,370,350,-20,-41268,-104200,62932,0
6.65,370,350,-20,-42570,-104200,61630,0
6.66,369,350,-19,-38629,-98990,60361,0
6.67,366,350,-16,-24138,-83360,59222,0
6.68,365,350,-15,-19937,-78150,58213,0
6.69,366,350,-16,-26156,-83360,57204,0
6.7,366,350,-16,-27197,-83360,56163,0
6.71,364,350,-14,-17753,-72940,55187,0
6.72,366,350,-16,-29149,-83360,54211,0
6.73,366,350,-16,-30190,-83360,53170,0
6.74,365,350,-15,-25989,-78150,52161,0
6.75,365,350,-15,-26965,-78150,51185,0
6.76,365,350,-15,-27941,-78150,50209,0
6.77,366,350,-16,-34160,-83360,49200,0
6.78,364,350,-14,-24716,-72940,48224,0
6.79,362,350,-12,-15142,-62520,47378,0
6.8,361,350,-11,-10680,-57310,46630,0
6.81,363,350,-13,-21881,-67730,45849,0
6.82,362,350,-12,-17485,-62520,45035,0
6.83,361,350,-11,-13023,-57310,44287,0
6.84,362,350,-12,-18981,-62520,43539,0
6.85,362,350,-12,-19762,-62520,42758,0
6.86,362,350,-12,-20543,-62520,41977,0
6.87,362,350,-12,-21324,-62520,41196,0
6.88,361,350,-11,-16862,-57310,40448,0
6.89,362,350,-12,-22820,-62520,39700,0
6.9,362,350,-12,-23601,-62520,38919,0
6.91,361,350,-11,-19139,-57310,38171,0
6.92,362,350,-12,-25097,-62520,37423,0
6.93,362,350,-12,-25878,-62520,36642,0
6.94,362,350,-12,-26659,-62520,35861,0
6.95,358,350,-8,-6470,-41680,35210,0
6.96,357,350,-7,-1748,-36470,34722,0
6.97,358,350,-8,-7446,-41680,34234,0
6.98,358,350,-8,-7966,-41680,33714,0
6.99,357,350,-7,-3244,-36470,33226,0
7.0,357,350,-7,-3699,-36470,32771,0
7.01,358,350,-8,-9397,-41680,32283,0
7.02,358,350,-8,-9917,-41680,31763,0
7.03,357,350,-7,-5195,-36470,31275,0
7.04,357,350,-7,-5650,-36470,30820,0
7.05,358,350,-8,-11348,-41680,30332,0
7.06,358,350,-8,-11868,-41680,29812,0
7.07,357,350,-7,-7146,-36470,29324,0
7.08,357,350,-7,-7601,-36470,28869,0
7.09,358,350,-8,-13299,-41680,28381,0
7.1,358,350,-8,-13819,-41680,27861,0
7.11,357,350,-7,-9097,-36470,27373,0
7.12,357,350,-7,-9552,-36470,26918,0
7.13,358,350,-8,-15250,-41680,26430,0
7.14,358,350,-8,-15770,-41680,25910,0
7.15,357,350,-7,-11048,-36470,25422,0
7.16,357,350,-7,-11503,-36470,24967,0
7.17,358,350,-8,-17201,-41680,24479,0
7.18,358,350,-8,-17721,-41680,23959,0
7.19,357,350,-7,-12999,-36470,23471,0
7.2,357,350,-7,-13454,-36470,23016,0
7.21,358,350,-8,-19152,-41680,22528,0
7.22,358,350,-8,-19672,-41680,22008,0
7.23,356,350,-6,-9707,-31260,21553,0
7.24,353,350,-3,5630,-15630,21260,0
7.25,353,350,-3,5435,-15630,21065,0
7.26,355,350,-5,-5245,-26050,20805,0
7.27,353,350,-3,4915,-15630,20545,0
7.28,353,350,-3,4720,-15630,20350,0
7.29,354,350,-4,-717,-20840,20123,0
7.3,354,350,-4,-977,-20840,19863,0
7.31,354,350,-4,-1237,-20840,19603,0
7.32,353,350,-3,3746,-15630,19376,0
7.33,354,350,-4,-1691,-20840,19149,0
7.34,354,350,-4,-1951,-20840,18889,0
7.35,353,350,-3,3032,-15630,18662,0
7.36,353,350,-3,2837,-15630,18467,0
7.37,354,350,-4,-2600,-20840,18240,0
7.38,354,350,-4,-2860,-20840,17980,0
7.39,354,350,-4,-3120,-20840,17720,0
7.4,353,350,-3,1863,-15630,17493,0
7.41,354,350,-4,-3574,-20840,17266,0
7.42,354,350,-4,-3834,-20840,17006,0
7.43,354,350,-4,-4094,-20840,16746,0
7.44,353,350,-3,889,-15630,16519,0
7.45,353,350,-3,694,-15630,16324,0
7.46,354,350,-4,-4743,-20840,16097,0
7.47,354,350,-4,-5003,-20840,15837,0
7.48,353,350,-3,-20,-15630,15610,0
7.49,354,350,-4,-5457,-20840,15383,0
7.5,354,350,-4,-5717,-20840,15123,0
7.51,354,350,-4,-5977,-20840,14863,0
7.52,353,350,-3,-994,-15630,14636,0
7.53,353,350,-3,-1189,-15630,14441,0
7.54,354,350,-4,-6626,-20840,14214,0
7.55,354,350,-4,-6886,-20840,13954,0
7.56,353,350,-3,-1903,-15630,13727,0
7.57,355,350,-5,-12583,-26050,13467,0
7.58,354,350,-4,-7666,-20840,13174,0
7.59,354,350,-4,-7926,-20840,12914,0
7.6,353,350,-3,-2943,-15630,12687,0
7.61,353,350,-3,-3138,-15630,12492,0
7.62,355,350,-5,-13818,-26050,12232,0
7.63,354,350,-4,-8901,-20840,11939,0
7.64,353,350,-3,-3918,-15630,11712,0
7.65,353,350,-3,-4113,-15630,11517,0
7.66,354,350,-4,-9550,-20840,11290,0
7.67,354,350,-4,-9810,-20840,11030,0
7.68,353,350,-3,-4827,-15630,10803,0
7.69,354,350,-4,-10264,-20840,10576,0
7.7,355,350,-5,-15767,-26050,10283,0
7.71,355,350,-5,-16092,-26050,9958,0
7.72,354,350,-4,-11175,-20840,9665,0
7.73,354,350,-4,-11435,-20840,9405,0
7.74,355,350,-5,-16938,-26050,9112,0
7.75,355,350,-5,-17263,-26050,8787,0
7.76,354,350,-4,-12346,-20840,8494,0
7.77,354,350,-4,-12606,-20840,8234,0
7.78,355,350,-5,-18109,-26050,7941,0
7.79,355,350,-5,-18434,-26050,7616,0
7.8,354,350,-4,-13517,-20840,7323,0
7.81,354,350,-4,-13777,-20840,7063,0
7.82,355,350,-5,-19280,-26050,6770,0
7.83,355,350,-5,-19605,-26050,6445,0
7.84,353,350,-3,-9445,-15630,6185,0
7.85,350,350,0,6185,0,6185,0
7.86,350,350,0,6185,0,6185,0
7.87,351,350,-1,943,-5210,6153,0
7.88,350,350,0,6153,0,6153,0
7.89,350,350,0,6153,0,6153,0
7.9,351,350,-1,911,-5210,6121,0
7.91,351,350,-1,846,-5210,6056,0
7.92,350,350,0,6056,0,6056,0
7.93,350,350,0,6056,0,6056,0
7.94,350,350,0,6056,0,6056,0
7.95,351,350,-1,814,-5210,6024,0
7.96,350,350,0,6024,0,6024,0
7.97,350,350,0,6024,0,6024,0
7.98,350,350,0,6024,0,6024,0
7.99,351,350,-1,782,-5210,5992,0
8.0,350,350,0,5992,0,5992,0
8.01,350,350,0,5992,0,5992,0
8.02,350,350,0,5992,0,5992,0
8.03,351,350,-1,750,-5210,5960,0
8.04,350,350,0,5960,0,5960,0
8.05,350,350,0,5960,0,5960,0
8.06,350,350,0,5960,0,5960,0
8.07,351,350,-1,718,-5210,5928,0
8.08,351,350,-1,653,-5210,5863,0
8.09,350,350,0,5863,0,5863,0
8.1,350,350,0,5863,0,5863,0
8.11,351,350,-1,621,-5210,5831,0
8.12,350,350,0,5831,0,5831,0
8.13,350,350,0,5831,0,5831,0
8.14,350,350,0,5831,0,5831,0
8.15,351,350,-1,589,-5210,5799,0
8.16,351,350,-1,524,-5210,5734,0
8.17,350,350,0,5734,0,5734,0
8.18,350,350,0,5734,0,5734,0
8.19,351,350,-1,492,-5210,5702,0
8.2,351,350,-1,427,-5210,5637,0
8.21,350,350,0,5637,0,5637,0
8.22,350,350,0,5637,0,5637,0
8.23,351,350,-1,395,-5210,5605,0
8.24,351,350,-1,330,-5210,5540,0
8.25,350,350,0,5540,0,5540,0
8.26,350,350,0,5540,0,5540,0
8.27,351,350,-1,298,-5210,5508,0
8.28,351,350,-1,233,-5210,5443,0
8.29,350,350,0,5443,0,5443,0
8.3,351,350,-1,201,-5210,5411,0
8.31,351,350,-1,136,-5210,5346,0
8.32,351,350,-1,71,-5210,5281,0
8.33,350,350,0,5281,0,5281,0
8.34,350,350,0,5281,0,5281,0
8.35,351,350,-1,39,-5210,5249,0
8.36,350,350,0,5249,0,5249,0
8.37,350,350,0,5249,0,5249,0
8.38,350,350,0,5249,0,5249,0
8.39,351,350,-1,7,-5210,5217,0
8.4,351,350,-1,-58,-5210,5152,0
8.41,350,350,0,5152,0,5152,0
8.42,350,350,0,5152,0,5152,0
8.43,351,350,-1,-90,-5210,5120,0
8.44,351,350,-1,-155,-5210,5055,0
8.45,350,350,0,5055,0,5055,0
8.46,350,350,0,5055,0,5055,0
8.47,351,350,-1,-187,-5210,5023,0
8.48,351,350,-1,-252,-5210,4958,0
8.49,350,350,0,4958,0,4958,0
8.5,350,350,0,4958,0,4958,0
8.51,351,350,-1,-284,-5210,4926,0
8.52,351,350,-1,-349,-5210,4861,0
8.53,350,350,0,4861,0,4861,0
8.54,350,350,0,4861,0,4861,0
8.55,351,350,-1,-381,-5210,4829,0
8.56,351,350,-1,-446,-5210,4764,0
8.57,350,350,0,4764,0,4764,0
8.58,350,350,0,4764,0,4764,0
8.59,350,350,0,4764,0,4764,0
8.6,351,350,-1,-478,-5210,4732,0
8.61,350,350,0,4732,0,4732,0
8.62,350,350,0,4732,0,4732,0
8.63,350,350,0,4732,0,4732,0
8.64,351,350,-1,-510,-5210,4700,0
8.65,350,350,0,4700,0,4700,0
8.66,350,350,0,4700,0,4700,0
8.67,350,350,0,4700,0,4700,0
8.68,351,350,-1,-542,-5210,4668,0
8.69,350,350,0,4668,0,4668,0
8.7,349,350,1,9910,5210,4700,0
8.71,350,350,0,4700,0,4700,0
8.72,350,350,0,4700,0,4700,0
8.73,350,350,0,4700,0,4700,0
8.74,349,350,1,9942,5210,4732,0
8.75,350,350,0,4732,0,4732,0
8.76,350,350,0,4732,0,4732,0
8.77,350,350,0,4732,0,4732,0
8.78,349,350,1,9974,5210,4764,0
8.79,350,350,0,4764,0,4764,0
8.8,350,350,0,4764,0,4764,0
8.81,350,350,0,4764,0,4764,0
8.82,349,350,1,10006,5210,4796,0
8.83,350,350,0,4796,0,4796,0
8.84,350,350,0,4796,0,4796,0
8.85,350,350,0,4796,0,4796,0
8.86,350,350,0,4796,0,4796,0
8.87,350,350,0,4796,0,4796,0
8.88,350,350,0,4796,0,4796,0
8.89,350,350,0,4796,0,4796,0
8.9,350,350,0,4796,0,4796,0
8.91,350,350,0,4796,0,4796,0
8.92,350,350,0,4796,0,4796,0
8.93,350,350,0,4796,0,4796,0
8.94,350,350,0,4796,0,4796,0
8.95,350,350,0,4796,0,4796,0
8.96,350,350,0,4796,0,4796,0
8.97,350,350,0,4796,0,4796,0
8.98,349,350,1,10038,5210,4828,0
8.99,350,350,0,4828,0,4828,0
9.0,350,350,0,4828,0,4828,0
9.01,350,350,0,4828,0,4828,0
9.02,350,350,0,4828,0,4828,0
9.03,350,350,0,4828,0,4828,0
9.04,350,350,0,4828,0,4828,0
9.05,350,350,0,4828,0,4828,0
9.06,350,350,0,4828,0,4828,0
9.07,350,350,0,4828,0,4828,0
9.08,350,350,0,4828,0,4828,0
9.09,350,350,0,4828,0,4828,0
9.1,350,350,0,4828,0,4828,0
9.11,350,350,0,4828,0,4828,0
9.12,350,350,0,4828,0,4828,0
9.13,350,350,0,4828,0,4828,0
9.14,350,350,0,4828,0,4828,0
9.15,350,350,0,4828,0,4828,0
9.16,350,350,0,4828,0,4828,0
9.17,351,350,-1,-414,-5210,4796,0
9.18,350,350,0,4796,0,4796,0
9.19,350,350,0,4796,0,4796,0
9.2,350,350,0,4796,0,4796,0
9.21,350,350,0,4796,0,4796,0
9.22,350,350,0,4796,0,4796,0
9.23,350,350,0,4796,0,4796,0
9.24,350,350,0,4796,0,4796,0
9.25,350,350,0,4796,0,4796,0
9.26,350,350,0,4796,0,4796,0
9.27,350,350,0,4796,0,4796,0
9.28,350,350,0,4796,0,4796,0
9.29,350,350,0,4796,0,4796,0
9.3,350,350,0,4796,0,4796,0
9.31,349,350,1,10038,5210,4828,0
9.32,350,350,0,4828,0,4828,0
9.33,350,350,0,4828,0,4828,0
9.34,350,350,0,4828,0,4828,0
9.35,349,350,1,10070,5210,4860,0
9.36,350,350,0,4860,0,4860,0
9.37,350,350,0,4860,0,4860,0
9.38,350,350,0,4860,0,4860,0
9.39,350,350,0,4860,0,4860,0
9.4,350,350,0,4860,0,4860,0
9.41,350,350,0,4860,0,4860,0
9.42,350,350,0,4860,0,4860,0
9.43,349,350,1,10102,5210,4892,0
9.44,350,350,0,4892,0,4892,0
9.45,350,350,0,4892,0,4892,0
9.46,350,350,0,4892,0,4892,0
9.47,350,350,0,4892,0,4892,0
9.48,350,350,0,4892,0,4892,0
9.49,350,350,0,4892,0,4892,0
9.5,350,350,0,4892,0,4892,0
9.51,350,350,0,4892,0,4892,0
9.52,350,350,0,4892,0,4892,0
9.53,350,350,0,4892,0,4892,0
9.54,350,350,0,4892,0,4892,0
9.55,350,350,0,4892,0,4892,0
9.56,350,350,0,4892,0,4892,0
9.57,350,350,0,4892,0,4892,0
9.58,350,350,0,4892,0,4892,0
9.59,350,350,0,4892,0,4892,0
9.6,350,350,0,4892,0,4892,0
9.61,350,350,0,4892,0,4892,0
9.62,350,350,0,4892,0,4892,0
9.63,350,350,0,4892,0,4892,0
9.64,350,350,0,4892,0,4892,0
9.65,350,350,0,4892,0,4892,0
9.66,350,350,0,4892,0,4892,0
9.67,350,350,0,4892,0,4892,0
9.68,350,350,0,4892,0,4892,0
9.69,351,350,-1,-350,-5210,4860,0
9.7,351,350,-1,-415,-5210,4795,0
9.71,350,350,0,4795,0,4795,0
9.72,350,350,0,4795,0,4795,0
9.73,351,350,-1,-447,-5210,4763,0
9.74,351,350,-1,-512,-5210,4698,0
9.75,350,350,0,4698,0,4698,0
9.76,350,350,0,4698,0,4698,0
9.77,351,350,-1,-544,-5210,4666,0
9.78,351,350,-1,-609,-5210,4601,0
9.79,350,350,0,4601,0,4601,0
9.8,350,350,0,4601,0,4601,0
9.81,350,350,0,4601,0,4601,0
9.82,351,350,-1,-641,-5210,4569,0
9.83,350,350,0,4569,0,4569,0
9.84,350,350,0,4569,0,4569,0
9.85,350,350,0,4569,0,4569,0
9.86,351,350,-1,-673,-5210,4537,0
9.87,350,350,0,4537,0,4537,0
9.88,350,350,0,4537,0,4537,0
9.89,350,350,0,4537,0,4537,0
9.9,351,350,-1,-705,-5210,4505,0
9.91,350,350,0,4505,0,4505,0
9.92,350,350,0,4505,0,4505,0
9.93,350,350,0,4505,0,4505,0
9.94,351,350,-1,-737,-5210,4473,0
9.95,350,350,0,4473,0,4473,0
9.96,350,350,0,4473,0,4473,0
9.97,350,350,0,4473,0,4473,0
9.98,351,350,-1,-769,-5210,4441,0
9.99,350,350,0,4441,0,4441,0
10.0,350,350,0,4441,0,4441,0
10.01,350,350,0,4441,0,4441,0
10.02,351,350,-1,-801,-5210,4409,0
10.03,351,350,-1,-866,-5210,4344,0
10.04,350,350,0,4344,0,4344,0
10.05,350,350,0,4344,0,4344,0
10.06,351,350,-1,-898,-5210,4312,0
10.07,350,350,0,4312,0,4312,0
10.08,350,350,0,4312,0,4312,0
10.09,350,350,0,4312,0,4312,0
10.1,351,350,-1,-930,-5210,4280,0
10.11,350,350,0,4280,0,4280,0
10.12,350,350,0,4280,0,4280,0
10.13,350,350,0,4280,0,4280,0
10.14,351,350,-1,-962,-5210,4248,0
10.15,351,350,-1,-1027,-5210,4183,0
10.16,350,350,0,4183,0,4183,0
10.17,350,350,0,4183,0,4183,0
10.18,351,350,-1,-1059,-5210,4151,0
10.19,351,350,-1,-1124,-5210,4086,0
10.2,350,350,0,4086,0,4086,0
10.21,350,350,0,4086,0,4086,0
10.22,351,350,-1,-1156,-5210,4054,0
10.23,351,350,-1,-1221,-5210,3989,0
10.24,350,350,0,3989,0,3989,0
10.25,350,350,0,3989,0,3989,0
10.26,351,350,-1,-1253,-5210,3957,0
10.27,351,350,-1,-1318,-5210,3892,0
10.28,350,350,0,3892,0,3892,0
10.29,350,350,0,3892,0,3892,0
10.3,351,350,-1,-1350,-5210,3860,0
10.31,351,350,-1,-1415,-5210,3795,0
10.32,350,350,0,3795,0,3795,0
10.33,350,350,0,3795,0,3795,0
10.34,350,350,0,3795,0,3795,0
10.35,351,350,-1,-1447,-5210,3763,0
10.36,350,350,0,3763,0,3763,0
10.37,350,350,0,3763,0,3763,0
10.38,351,350,-1,-1479,-5210,3731,0
10.39,351,350,-1,-1544,-5210,3666,0
10.4,350,350,0,3666,0,3666,0
10.41,350,350,0,3666,0,3666,0
10.42,351,350,-1,-1576,-5210,3634,0
10.43,351,350,-1,-1641,-5210,3569,0
10.44,350,350,0,3569,0,3569,0
10.45,350,350,0,3569,0,3569,0
10.46,351,350,-1,-1673,-5210,3537,0
10.47,351,350,-1,-1738,-5210,3472,0
10.48,350,350,0,3472,0,3472,0
10.49,350,350,0,3472,0,3472,0
10.5,350,350,0,3472,0,3472,0
10.51,351,350,-1,-1770,-5210,3440,0
10.52,350,350,0,3440,0,3440,0
10.53,350,350,0,3440,0,3440,0
10.54,350,350,0,3440,0,3440,0
10.55,351,350,-1,-1802,-5210,3408,0
10.56,350,350,0,3408,0,3408,0
10.57,350,350,0,3408,0,3408,0
10.58,350,350,0,3408,0,3408,0
10.59,351,350,-1,-1834,-5210,3376,0
10.6,350,350,0,3376,0,3376,0
10.61,350,350,0,3376,0,3376,0
10.62,350,350,0,3376,0,3376,0
10.63,351,350,-1,-1866,-5210,3344,0
10.64,350,350,0,3344,0,3344,0
10.65,350,350,0,3344,0,3344,0
10.66,350,350,0,3344,0,3344,0
10.67,351,350,-1,-1898,-5210,3312,0
10.68,350,350,0,3312,0,3312,0
10.69,350,350,0,3312,0,3312,0
10.7,350,350,0,3312,0,3312,0
10.71,350,350,0,3312,0,3312,0
10.72,350,350,0,3312,0,3312,0
10.73,349,350,1,8554,5210,3344,0
10.74,350,350,0,3344,0,3344,0
10.75,350,350,0,3344,0,3344,0
10.76,350,350,0,3344,0,3344,0
10.77,350,350,0,3344,0,3344,0
10.78,350,350,0,3344,0,3344,0
10.79,350,350,0,3344,0,3344,0
10.8,350,350,0,3344,0,3344,0
10.81,350,350,0,3344,0,3344,0
10.82,350,350,0,3344,0,3344,0
10.83,350,350,0,3344,0,3344,0
10.84,350,350,0,3344,0,3344,0
10.85,350,350,0,3344,0,3344,0
10.86,350,350,0,3344,0,3344,0
10.87,350,350,0,3344,0,3344,0
10.88,350,350,0,3344,0,3344,0
10.89,350,350,0,3344,0,3344,0
10.9,350,350,0,3344,0,3344,0
10.91,350,350,0,3344,0,3344,0
10.92,350,350,0,3344,0,3344,0
10.93,350,350,0,3344,0,3344,0
10.94,350,350,0,3344,0,3344,0
10.95,350,350,0,3344,0,3344,0
10.96,350,350,0,3344,0,3344,0
10.97,350,350,0,3344,0,3344,0
10.98,349,350,1,8586,5210,3376,0
10.99,350,350,0,3376,0,3376,0
11.0,350,350,0,3376,0,3376,0
11.01,350,350,0,3376,0,3376,0
11.02,349,350,1,8618,5210,3408,0
11.03,350,350,0,3408,0,3408,0
11.04,350,350,0,3408,0,3408,0
