0.0,201,200,-1,-5242,-5210,-32,0
0.01,199,200,1,5178,5210,-32,0
0.02,183,200,17,89124,88570,554,0
0.03,183,200,17,90231,88570,1661,0
0.04,183,200,17,91338,88570,2768,0
0.05,183,200,17,92445,88570,3875,0
0.06,183,200,17,93552,88570,4982,0
0.07,183,200,17,94659,88570,6089,0
0.08,183,200,17,95766,88570,7196,0
0.09,183,200,17,96873,88570,8303,0
0.1,183,200,17,97980,88570,9410,0
0.11,183,200,17,99087,88570,10517,0
0.12,183,200,17,100194,88570,11624,0
0.13,183,200,17,101301,88570,12731,0
0.14,183,200,17,102408,88570,13838,0
0.15,183,200,17,103515,88570,14945,0
0.16,183,200,17,104622,88570,16052,0
0.17,183,200,17,105729,88570,17159,0
0.18,183,200,17,106836,88570,18266,0
0.19,183,200,17,107943,88570,19373,0
0.2,183,200,17,109050,88570,20480,0
0.21,182,200,18,115399,93780,21619,0
0.22,184,200,16,106086,83360,22726,0
0.23,193,200,7,59944,36470,23474,0
0.24,194,200,6,55157,31260,23897,0
0.25,192,200,8,66032,41680,24352,0
0.26,194,200,6,56067,31260,24807,0
0.27,196,200,4,45972,20840,25132,0
0.28,197,200,3,40989,15630,25359,0
0.29,197,200,3,41184,15630,25554,0
0.3,197,200,3,41379,15630,25749,0
0.31,200,200,0,25749,0,25749,0
0.32,201,200,-1,20507,-5210,25717,0
0.33,200,200,0,25717,0,25717,0
0.34,201,200,-1,20475,-5210,25685,0
0.35,203,200,-3,9925,-15630,25555,0
0.36,204,200,-4,4488,-20840,25328,0
0.37,203,200,-3,9471,-15630,25101,0
0.38,204,200,-4,4034,-20840,24874,0
0.39,206,200,-6,-6711,-31260,24549,0
0.4,206,200,-6,-7101,-31260,24159,0
0.41,206,200,-6,-7491,-31260,23769,0
0.42,205,200,-5,-2639,-26050,23411,0
0.43,206,200,-6,-8207,-31260,23053,0
0.44,206,200,-6,-8597,-31260,22663,0
0.45,206,200,-6,-8987,-31260,22273,0
0.46,206,200,-6,-9377,-31260,21883,0
0.47,206,200,-6,-9767,-31260,21493,0
0.48,210,200,-10,-31127,-52100,20973,0
0.49,209,200,-9,-26535,-46890,20355,0
0.5,208,200,-8,-21878,-41680,19802,0
0.51,207,200,-7,-17156,-36470,19314,0
0.52,206,200,-6,-12369,-31260,18891,0
0.53,207,200,-7,-18002,-36470,18468,0
0.54,206,200,-6,-13215,-31260,18045,0
0.55,205,200,-5,-8363,-26050,17687,0
0.56,207,200,-7,-19173,-36470,17297,0
0.57,207,200,-7,-19628,-36470,16842,0
0.58,206,200,-6,-14841,-31260,16419,0
0.59,206,200,-6,-15231,-31260,16029,0
0.6,206,200,-6,-15621,-31260,15639,0
0.61,207,200,-7,-21254,-36470,15216,0
0.62,206,200,-6,-16467,-31260,14793,0
0.63,206,200,-6,-16857,-31260,14403,0
0.64,206,200,-6,-17247,-31260,14013,0
0.65,207,200,-7,-22880,-36470,13590,0
0.66,206,200,-6,-18093,-31260,13167,0
0.67,206,200,-6,-18483,-31260,12777,0
0.68,206,200,-6,-18873,-31260,12387,0
0.69,207,200,-7,-24506,-36470,11964,0
0.7,206,200,-6,-19719,-31260,11541,0
0.71,205,200,-5,-14867,-26050,11183,0
0.72,203,200,-3,-4707,-15630,10923,0
0.73,204,200,-4,-10144,-20840,10696,0
0.74,204,200,-4,-10404,-20840,10436,0
0.75,203,200,-3,-5421,-15630,10209,0
0.76,204,200,-4,-10858,-20840,9982,0
0.77,204,200,-4,-11118,-20840,9722,0
0.78,204,200,-4,-11378,-20840,9462,0
0.79,204,200,-4,-11638,-20840,9202,0
0.8,204,200,-4,-11898,-20840,8942,0
0.81,204,200,-4,-12158,-20840,8682,0
0.82,204,200,-4,-12418,-20840,8422,0
0.83,202,200,-2,-2193,-10420,8227,0
0.84,200,200,0,8227,0,8227,0
0.85,201,200,-1,2985,-5210,8195,0
0.86,202,200,-2,-2322,-10420,8098,0
0.87,202,200,-2,-2452,-10420,7968,0
0.88,204,200,-4,-13067,-20840,7773,0
0.89,204,200,-4,-13327,-20840,7513,0
0.9,203,200,-3,-8344,-15630,7286,0
0.91,203,200,-3,-8539,-15630,7091,0
0.92,201,200,-1,1751,-5210,6961,0
0.93,201,200,-1,1686,-5210,6896,0
0.94,202,200,-2,-3621,-10420,6799,0
0.95,200,200,0,6799,0,6799,0
0.96,201,200,-1,1557,-5210,6767,0
0.97,201,200,-1,1492,-5210,6702,0
0.98,201,200,-1,1427,-5210,6637,0
0.99,200,200,0,6637,0,6637,0
1.0,197,200,3,22364,15630,6734,0
1.01,197,200,3,22559,15630,6929,0
1.02,198,200,2,17511,10420,7091,0
1.03,197,200,3,22883,15630,7253,0
1.04,197,200,3,23078,15630,7448,0
1.05,197,200,3,23273,15630,7643,0
1.06,198,200,2,18225,10420,7805,0
1.07,198,200,2,18355,10420,7935,0
1.08,200,200,0,7935,0,7935,0
1.09,202,200,-2,-2550,-10420,7870,0
1.1,201,200,-1,2563,-5210,7773,0
1.11,201,200,-1,2498,-5210,7708,0
1.12,201,200,-1,2433,-5210,7643,0
1.13,201,200,-1,2368,-5210,7578,0
1.14,201,200,-1,2303,-5210,7513,0
1.15,201,200,-1,2238,-5210,7448,0
1.16,200,200,0,7448,0,7448,0
1.17,201,200,-1,2206,-5210,7416,0
1.18,201,200,-1,2141,-5210,7351,0
1.19,201,200,-1,2076,-5210,7286,0
1.2,201,200,-1,2011,-5210,7221,0
1.21,201,200,-1,1946,-5210,7156,0
1.22,202,200,-2,-3361,-10420,7059,0
1.23,201,200,-1,1752,-5210,6962,0
1.24,201,200,-1,1687,-5210,6897,0
1.25,201,200,-1,1622,-5210,6832,0
1.26,201,200,-1,1557,-5210,6767,0
1.27,201,200,-1,1492,-5210,6702,0
1.28,200,200,0,6702,0,6702,0
1.29,201,200,-1,1460,-5210,6670,0
1.3,201,200,-1,1395,-5210,6605,0
1.31,201,200,-1,1330,-5210,6540,0
1.32,200,200,0,6540,0,6540,0
1.33,201,200,-1,1298,-5210,6508,0
1.34,201,200,-1,1233,-5210,6443,0
1.35,201,200,-1,1168,-5210,6378,0
1.36,200,200,0,6378,0,6378,0
1.37,201,200,-1,1136,-5210,6346,0
1.38,201,200,-1,1071,-5210,6281,0
1.39,201,200,-1,1006,-5210,6216,0
1.4,200,200,0,6216,0,6216,0
1.41,201,200,-1,974,-5210,6184,0
1.42,201,200,-1,909,-5210,6119,0
1.43,201,200,-1,844,-5210,6054,0
1.44,200,200,0,6054,0,6054,0
1.45,201,200,-1,812,-5210,6022,0
1.46,201,200,-1,747,-5210,5957,0
1.47,201,200,-1,682,-5210,5892,0
1.48,200,200,0,5892,0,5892,0
1.49,199,200,1,11134,5210,5924,0
1.5,201,200,-1,714,-5210,5924,0
1.51,201,200,-1,649,-5210,5859,0
1.52,200,200,0,5859,0,5859,0
1.53,200,200,0,5859,0,5859,0
1.54,201,200,-1,617,-5210,5827,0
1.55,201,200,-1,552,-5210,5762,0
1.56,200,200,0,5762,0,5762,0
1.57,200,200,0,5762,0,5762,0
1.58,201,200,-1,520,-5210,5730,0
1.59,201,200,-1,455,-5210,5665,0
1.6,200,200,0,5665,0,5665,0
1.61,200,200,0,5665,0,5665,0
1.62,201,200,-1,423,-5210,5633,0
1.63,201,200,-1,358,-5210,5568,0
1.64,200,200,0,5568,0,5568,0
1.65,200,200,0,5568,0,5568,0
1.66,201,200,-1,326,-5210,5536,0
1.67,201,200,-1,261,-5210,5471,0
1.68,200,200,0,5471,0,5471,0
1.69,200,200,0,5471,0,5471,0
1.7,201,200,-1,229,-5210,5439,0
1.71,201,200,-1,164,-5210,5374,0
1.72,200,200,0,5374,0,5374,0
1.73,199,200,1,10616,5210,5406,0
1.74,200,200,0,5406,0,5406,0
1.75,201,200,-1,164,-5210,5374,0
1.76,200,200,0,5374,0,5374,0
1.77,200,200,0,5374,0,5374,0
1.78,201,200,-1,132,-5210,5342,0
1.79,201,200,-1,67,-5210,5277,0
1.8,200,200,0,5277,0,5277,0
1.81,199,200,1,10519,5210,5309,0
1.82,200,200,0,5309,0,5309,0
1.83,201,200,-1,67,-5210,5277,0
1.84,201,200,-1,2,-5210,5212,0
1.85,202,200,-2,-5305,-10420,5115,0
1.86,204,200,-4,-15920,-20840,4920,0
1.87,204,200,-4,-16180,-20840,4660,0
1.88,203,200,-3,-11197,-15630,4433,0
1.89,201,200,-1,-907,-5210,4303,0
1.9,199,200,1,9513,5210,4303,0
1.91,201,200,-1,-907,-5210,4303,0
1.92,201,200,-1,-972,-5210,4238,0
1.93,201,200,-1,-1037,-5210,4173,0
1.94,204,200,-4,-16829,-20840,4011,0
1.95,203,200,-3,-11846,-15630,3784,0
1.96,203,200,-3,-12041,-15630,3589,0
1.97,201,200,-1,-1751,-5210,3459,0
1.98,199,200,1,8669,5210,3459,0
1.99,201,200,-1,-1751,-5210,3459,0
2.0,201,200,-1,-1816,-5210,3394,0
2.01,201,200,-1,-1881,-5210,3329,0
2.02,204,200,-4,-17673,-20840,3167,0
2.03,204,200,-4,-17933,-20840,2907,0
2.04,203,200,-3,-12950,-15630,2680,0
2.05,201,200,-1,-2660,-5210,2550,0
2.06,199,200,1,7760,5210,2550,0
2.07,201,200,-1,-2660,-5210,2550,0
2.08,201,200,-1,-2725,-5210,2485,0
2.09,201,200,-1,-2790,-5210,2420,0
2.1,203,200,-3,-13340,-15630,2290,0
2.11,204,200,-4,-18777,-20840,2063,0
2.12,203,200,-3,-13794,-15630,1836,0
2.13,202,200,-2,-8746,-10420,1674,0
2.14,200,200,0,1674,0,1674,0
2.15,200,200,0,1674,0,1674,0
2.16,201,200,-1,-3568,-5210,1642,0
2.17,199,200,1,6852,5210,1642,0
2.18,200,200,0,1642,0,1642,0
2.19,201,200,-1,-3600,-5210,1610,0
2.2,201,200,-1,-3665,-5210,1545,0
2.21,199,200,1,6755,5210,1545,0
2.22,200,200,0,1545,0,1545,0
2.23,199,200,1,6787,5210,1577,0
2.24,201,200,-1,-3633,-5210,1577,0
2.25,200,200,0,1577,0,1577,0
2.26,199,200,1,6819,5210,1609,0
2.27,201,200,-1,-3601,-5210,1609,0
2.28,201,200,-1,-3666,-5210,1544,0
2.29,200,200,0,1544,0,1544,0
2.3,200,200,0,1544,0,1544,0
2.31,200,200,0,1544,0,1544,0
2.32,201,200,-1,-3698,-5210,1512,0
2.33,200,200,0,1512,0,1512,0
2.34,200,200,0,1512,0,1512,0
2.35,201,200,-1,-3730,-5210,1480,0
2.36,201,200,-1,-3795,-5210,1415,0
2.37,200,200,0,1415,0,1415,0
2.38,200,200,0,1415,0,1415,0
2.39,200,200,0,1415,0,1415,0
2.4,201,200,-1,-3827,-5210,1383,0
2.41,200,200,0,1383,0,1383,0
2.42,200,200,0,1383,0,1383,0
2.43,200,200,0,1383,0,1383,0
2.44,201,200,-1,-3859,-5210,1351,0
2.45,200,200,0,1351,0,1351,0
2.46,200,200,0,1351,0,1351,0
2.47,200,200,0,1351,0,1351,0
2.48,201,200,-1,-3891,-5210,1319,0
2.49,201,200,-1,-3956,-5210,1254,0
2.5,200,200,0,1254,0,1254,0
2.51,201,200,-1,-3988,-5210,1222,0
2.52,202,200,-2,-9295,-10420,1125,0
2.53,201,200,-1,-4182,-5210,1028,0
2.54,200,200,0,1028,0,1028,0
2.55,201,200,-1,-4214,-5210,996,0
2.56,201,200,-1,-4279,-5210,931,0
2.57,201,200,-1,-4344,-5210,866,0
2.58,201,200,-1,-4409,-5210,801,0
2.59,201,200,-1,-4474,-5210,736,0
2.6,201,200,-1,-4539,-5210,671,0
2.61,201,200,-1,-4604,-5210,606,0
2.62,200,200,0,606,0,606,0
2.63,201,200,-1,-4636,-5210,574,0
2.64,201,200,-1,-4701,-5210,509,0
2.65,201,200,-1,-4766,-5210,444,0
2.66,201,200,-1,-4831,-5210,379,0
2.67,201,200,-1,-4896,-5210,314,0
2.68,201,200,-1,-4961,-5210,249,0
2.69,201,200,-1,-5026,-5210,184,0
2.7,200,200,0,184,0,184,0
2.71,201,200,-1,-5058,-5210,152,0
2.72,201,200,-1,-5123,-5210,87,0
2.73,201,200,-1,-5188,-5210,22,0
2.74,201,200,-1,-5253,-5210,-43,0
2.75,201,200,-1,-5318,-5210,-108,0
2.76,201,200,-1,-5383,-5210,-173,0
2.77,201,200,-1,-5448,-5210,-238,0
2.78,201,200,-1,-5513,-5210,-303,0
2.79,201,200,-1,-5578,-5210,-368,0
2.8,201,200,-1,-5643,-5210,-433,0
2.81,201,200,-1,-5708,-5210,-498,0
2.82,201,200,-1,-5773,-5210,-563,0
2.83,201,200,-1,-5838,-5210,-628,0
2.84,201,200,-1,-5903,-5210,-693,0
2.85,201,200,-1,-5968,-5210,-758,0
2.86,201,200,-1,-6033,-5210,-823,0
2.87,201,200,-1,-6098,-5210,-888,0
2.88,201,200,-1,-6163,-5210,-953,0
2.89,201,200,-1,-6228,-5210,-1018,0
2.9,201,200,-1,-6293,-5210,-1083,0
2.91,201,200,-1,-6358,-5210,-1148,0
2.92,201,200,-1,-6423,-5210,-1213,0
2.93,201,200,-1,-6488,-5210,-1278,0
2.94,201,200,-1,-6553,-5210,-1343,0
2.95,200,200,0,-1343,0,-1343,0
2.96,201,200,-1,-6585,-5210,-1375,0
2.97,201,200,-1,-6650,-5210,-1440,0
2.98,200,200,0,-1440,0,-1440,0
2.99,197,200,3,14287,15630,-1343,0
3.0,197,200,3,14482,15630,-1148,0
3.01,198,200,2,9434,10420,-986,0
3.02,197,200,3,14806,15630,-824,0
3.03,196,200,4,20243,20840,-597,0
3.04,197,200,3,15260,15630,-370,0
3.05,197,200,3,15455,15630,-175,0
3.06,197,200,3,15650,15630,20,0
3.07,196,200,4,21087,20840,247,0
3.08,197,200,3,16104,15630,474,0
3.09,198,200,2,11056,10420,636,0
3.1,197,200,3,16428,15630,798,0
3.11,197,200,3,16623,15630,993,0
3.12,197,200,3,16818,15630,1188,0
3.13,198,200,2,11770,10420,1350,0
3.14,197,200,3,17142,15630,1512,0
3.15,197,200,3,17337,15630,1707,0
3.16,197,200,3,17532,15630,1902,0
3.17,198,200,2,12484,10420,2064,0
3.18,198,200,2,12614,10420,2194,0
3.19,199,200,1,7501,5210,2291,0
3.2,201,200,-1,-2919,-5210,2291,0
3.21,201,200,-1,-2984,-5210,2226,0
3.22,201,200,-1,-3049,-5210,2161,0
3.23,201,200,-1,-3114,-5210,2096,0
3.24,201,200,-1,-3179,-5210,2031,0
3.25,201,200,-1,-3244,-5210,1966,0
3.26,201,200,-1,-3309,-5210,1901,0
3.27,200,200,0,1901,0,1901,0
3.28,201,200,-1,-3341,-5210,1869,0
3.29,201,200,-1,-3406,-5210,1804,0
3.3,201,200,-1,-3471,-5210,1739,0
3.31,201,200,-1,-3536,-5210,1674,0
3.32,201,200,-1,-3601,-5210,1609,0
3.33,201,200,-1,-3666,-5210,1544,0
3.34,201,200,-1,-3731,-5210,1479,0
3.35,200,200,0,1479,0,1479,0
3.36,201,200,-1,-3763,-5210,1447,0
3.37,201,200,-1,-3828,-5210,1382,0
3.38,201,200,-1,-3893,-5210,1317,0
3.39,200,200,0,1317,0,1317,0
3.4,201,200,-1,-3925,-5210,1285,0
3.41,201,200,-1,-3990,-5210,1220,0
3.42,201,200,-1,-4055,-5210,1155,0
3.43,200,200,0,1155,0,1155,0
3.44,201,200,-1,-4087,-5210,1123,0
3.45,201,200,-1,-4152,-5210,1058,0
3.46,201,200,-1,-4217,-5210,993,0
3.47,201,200,-1,-4282,-5210,928,0
3.48,200,200,0,928,0,928,0
3.49,201,200,-1,-4314,-5210,896,0
3.5,201,200,-1,-4379,-5210,831,0
3.51,200,200,0,831,0,831,0
3.52,200,200,0,831,0,831,0
3.53,200,200,0,831,0,831,0
3.54,201,200,-1,-4411,-5210,799,0
3.55,200,200,0,799,0,799,0
3.56,200,200,0,799,0,799,0
3.57,201,200,-1,-4443,-5210,767,0
3.58,201,200,-1,-4508,-5210,702,0
3.59,200,200,0,702,0,702,0
3.6,200,200,0,702,0,702,0
3.61,201,200,-1,-4540,-5210,670,0
3.62,201,200,-1,-4605,-5210,605,0
3.63,200,200,0,605,0,605,0
3.64,200,200,0,605,0,605,0
3.65,201,200,-1,-4637,-5210,573,0
3.66,201,200,-1,-4702,-5210,508,0
3.67,200,200,0,508,0,508,0
3.68,200,200,0,508,0,508,0
3.69,200,200,0,508,0,508,0
3.7,201,200,-1,-4734,-5210,476,0
3.71,200,200,0,476,0,476,0
3.72,200,200,0,476,0,476,0
3.73,200,200,0,476,0,476,0
3.74,201,200,-1,-4766,-5210,444,0
3.75,200,200,0,444,0,444,0
3.76,200,200,0,444,0,444,0
3.77,200,200,0,444,0,444,0
3.78,201,200,-1,-4798,-5210,412,0
3.79,200,200,0,412,0,412,0
3.8,200,200,0,412,0,412,0
3.81,200,200,0,412,0,412,0
3.82,201,200,-1,-4830,-5210,380,0
3.83,201,200,-1,-4895,-5210,315,0
3.84,200,200,0,315,0,315,0
3.85,200,200,0,315,0,315,0
3.86,201,200,-1,-4927,-5210,283,0
3.87,201,200,-1,-4992,-5210,218,0
3.88,200,200,0,218,0,218,0
3.89,200,200,0,218,0,218,0
3.9,201,200,-1,-5024,-5210,186,0
3.91,201,200,-1,-5089,-5210,121,0
3.92,200,200,0,121,0,121,0
3.93,200,200,0,121,0,121,0
3.94,201,200,-1,-5121,-5210,89,0
3.95,200,200,0,89,0,89,0
3.96,200,200,0,89,0,89,0
3.97,200,200,0,89,0,89,0
3.98,201,200,-1,-5153,-5210,57,0
3.99,201,200,-1,-5218,-5210,-8,0
4.0,200,200,0,-8,0,-8,0
4.01,200,200,0,-8,0,-8,0
4.02,201,200,-1,-5250,-5210,-40,0
4.03,201,200,-1,-5315,-5210,-105,0
4.04,200,200,0,-105,0,-105,0
4.05,200,200,0,-105,0,-105,0
4.06,201,200,-1,-5347,-5210,-137,0
4.07,201,200,-1,-5412,-5210,-202,0
4.08,200,200,0,-202,0,-202,0
4.09,200,200,0,-202,0,-202,0
4.1,201,200,-1,-5444,-5210,-234,0
4.11,201,200,-1,-5509,-5210,-299,0
4.12,200,200,0,-299,0,-299,0
4.13,200,200,0,-299,0,-299,0
4.14,201,200,-1,-5541,-5210,-331,0
4.15,200,200,0,-331,0,-331,0
4.16,200,200,0,-331,0,-331,0
4.17,200,200,0,-331,0,-331,0
4.18,201,200,-1,-5573,-5210,-363,0
4.19,201,200,-1,-5638,-5210,-428,0
4.2,199,200,1,4782,5210,-428,0
4.21,196,200,4,20574,20840,-266,0
4.22,196,200,4,20834,20840,-6,0
4.23,197,200,3,15851,15630,221,0
4.24,196,200,4,21288,20840,448,0
4.25,196,200,4,21548,20840,708,0
4.26,197,200,3,16565,15630,935,0
4.27,197,200,3,16760,15630,1130,0
4.28,195,200,5,27440,26050,1390,0
4.29,196,200,4,22523,20840,1683,0
4.3,197,200,3,17540,15630,1910,0
4.31,197,200,3,17735,15630,2105,0
4.32,196,200,4,23172,20840,2332,0
4.33,196,200,4,23432,20840,2592,0
4.34,197,200,3,18449,15630,2819,0
4.35,197,200,3,18644,15630,3014,0
4.36,197,200,3,18839,15630,3209,0
4.37,199,200,1,8549,5210,3339,0
4.38,200,200,0,3339,0,3339,0
4.39,201,200,-1,-1903,-5210,3307,0
4.4,200,200,0,3307,0,3307,0
4.41,200,200,0,3307,0,3307,0
4.42,200,200,0,3307,0,3307,0
4.43,201,200,-1,-1935,-5210,3275,0
4.44,201,200,-1,-2000,-5210,3210,0
4.45,202,200,-2,-7307,-10420,3113,0
4.46,204,200,-4,-17922,-20840,2918,0
4.47,203,200,-3,-12939,-15630,2691,0
4.48,203,200,-3,-13134,-15630,2496,0
4.49,201,200,-1,-2844,-5210,2366,0
4.5,200,200,0,2366,0,2366,0
4.51,201,200,-1,-2876,-5210,2334,0
4.52,202,200,-2,-8183,-10420,2237,0
4.53,202,200,-2,-8313,-10420,2107,0
4.54,204,200,-4,-18928,-20840,1912,0
4.55,204,200,-4,-19188,-20840,1652,0
4.56,203,200,-3,-14205,-15630,1425,0
4.57,202,200,-2,-9157,-10420,1263,0
4.58,200,200,0,1263,0,1263,0
4.59,201,200,-1,-3979,-5210,1231,0
4.6,202,200,-2,-9286,-10420,1134,0
4.61,202,200,-2,-9416,-10420,1004,0
4.62,204,200,-4,-20031,-20840,809,0
4.63,204,200,-4,-20291,-20840,549,0
4.64,203,200,-3,-15308,-15630,322,0
4.65,202,200,-2,-10260,-10420,160,0
4.66,200,200,0,160,0,160,0
4.67,201,200,-1,-5082,-5210,128,0
4.68,202,200,-2,-10389,-10420,31,0
4.69,200,200,0,31,0,31,0
4.7,201,200,-1,-5211,-5210,-1,0
4.71,201,200,-1,-5276,-5210,-66,0
4.72,201,200,-1,-5341,-5210,-131,0
4.73,201,200,-1,-5406,-5210,-196,0
4.74,200,200,0,-196,0,-196,0
4.75,201,200,-1,-5438,-5210,-228,0
4.76,201,200,-1,-5503,-5210,-293,0
4.77,201,200,-1,-5568,-5210,-358,0
4.78,201,200,-1,-5633,-5210,-423,0
4.79,201,200,-1,-5698,-5210,-488,0
4.8,201,200,-1,-5763,-5210,-553,0
4.81,201,200,-1,-5828,-5210,-618,0
4.82,201,200,-1,-5893,-5210,-683,0
4.83,201,200,-1,-5958,-5210,-748,0
4.84,201,200,-1,-6023,-5210,-813,0
4.85,201,200,-1,-6088,-5210,-878,0
4.86,201,200,-1,-6153,-5210,-943,0
4.87,201,200,-1,-6218,-5210,-1008,0
4.88,201,200,-1,-6283,-5210,-1073,0
4.89,201,200,-1,-6348,-5210,-1138,0
4.9,200,200,0,-1138,0,-1138,0
4.91,201,200,-1,-6380,-5210,-1170,0
4.92,201,200,-1,-6445,-5210,-1235,0
4.93,200,200,0,-1235,0,-1235,0
4.94,198,200,2,9250,10420,-1170,0
4.95,197,200,3,14622,15630,-1008,0
4.96,198,200,2,9574,10420,-846,0
4.97,197,200,3,14946,15630,-684,0
4.98,196,200,4,20383,20840,-457,0
4.99,197,200,3,15400,15630,-230,0
5.0,198,200,2,10352,10420,-68,0
5.01,197,200,3,15724,15630,94,0
5.02,197,200,3,15919,15630,289,0
5.03,197,200,3,16114,15630,484,0
5.04,198,200,2,11066,10420,646,0
5.05,197,200,3,16438,15630,808,0
5.06,197,200,3,16633,15630,1003,0
5.07,197,200,3,16828,15630,1198,0
5.08,198,200,2,11780,10420,1360,0
5.09,197,200,3,17152,15630,1522,0
5.1,197,200,3,17347,15630,1717,0
5.11,197,200,3,17542,15630,1912,0
5.12,198,200,2,12494,10420,2074,0
5.13,197,200,3,17866,15630,2236,0
5.14,197,200,3,18061,15630,2431,0
5.15,197,200,3,18256,15630,2626,0
5.16,198,200,2,13208,10420,2788,0
5.17,198,200,2,13338,10420,2918,0
5.18,198,200,2,13468,10420,3048,0
5.19,201,200,-1,-2130,-5210,3080,0
5.2,201,200,-1,-2195,-5210,3015,0
5.21,201,200,-1,-2260,-5210,2950,0
5.22,201,200,-1,-2325,-5210,2885,0
5.23,201,200,-1,-2390,-5210,2820,0
5.24,201,200,-1,-2455,-5210,2755,0
5.25,201,200,-1,-2520,-5210,2690,0
5.26,200,200,0,2690,0,2690,0
5.27,201,200,-1,-2552,-5210,2658,0
5.28,201,200,-1,-2617,-5210,2593,0
5.29,201,200,-1,-2682,-5210,2528,0
5.3,201,200,-1,-2747,-5210,2463,0
5.31,201,200,-1,-2812,-5210,2398,0
5.32,201,200,-1,-2877,-5210,2333,0
5.33,201,200,-1,-2942,-5210,2268,0
5.34,201,200,-1,-3007,-5210,2203,0
5.35,201,200,-1,-3072,-5210,2138,0
5.36,201,200,-1,-3137,-5210,2073,0
5.37,201,200,-1,-3202,-5210,2008,0
5.38,201,200,-1,-3267,-5210,1943,0
5.39,201,200,-1,-3332,-5210,1878,0
5.4,201,200,-1,-3397,-5210,1813,0
5.41,202,200,-2,-8704,-10420,1716,0
5.42,201,200,-1,-3591,-5210,1619,0
5.43,200,200,0,1619,0,1619,0
5.44,201,200,-1,-3623,-5210,1587,0
5.45,201,200,-1,-3688,-5210,1522,0
5.46,201,200,-1,-3753,-5210,1457,0
5.47,201,200,-1,-3818,-5210,1392,0
5.48,201,200,-1,-3883,-5210,1327,0
5.49,201,200,-1,-3948,-5210,1262,0
5.5,200,200,0,1262,0,1262,0
5.51,200,200,0,1262,0,1262,0
5.52,200,200,0,1262,0,1262,0
5.53,201,200,-1,-3980,-5210,1230,0
5.54,200,200,0,1230,0,1230,0
5.55,200,200,0,1230,0,1230,0
5.56,201,200,-1,-4012,-5210,1198,0
5.57,201,200,-1,-4077,-5210,1133,0
5.58,201,200,-1,-4142,-5210,1068,0
5.59,200,200,0,1068,0,1068,0
5.6,200,200,0,1068,0,1068,0
5.61,201,200,-1,-4174,-5210,1036,0
5.62,200,200,0,1036,0,1036,0
5.63,200,200,0,1036,0,1036,0
5.64,200,200,0,1036,0,1036,0
5.65,201,200,-1,-4206,-5210,1004,0
5.66,200,200,0,1004,0,1004,0
5.67,200,200,0,1004,0,1004,0
5.68,200,200,0,1004,0,1004,0
5.69,201,200,-1,-4238,-5210,972,0
5.7,200,200,0,972,0,972,0
5.71,200,200,0,972,0,972,0
5.72,200,200,0,972,0,972,0
5.73,201,200,-1,-4270,-5210,940,0
5.74,200,200,0,940,0,940,0
5.75,200,200,0,940,0,940,0
5.76,200,200,0,940,0,940,0
5.77,201,200,-1,-4302,-5210,908,0
5.78,200,200,0,908,0,908,0
5.79,200,200,0,908,0,908,0
5.8,200,200,0,908,0,908,0
5.81,201,200,-1,-4334,-5210,876,0
5.82,200,200,0,876,0,876,0
5.83,200,200,0,876,0,876,0
5.84,200,200,0,876,0,876,0
5.85,201,200,-1,-4366,-5210,844,0
5.86,201,200,-1,-4431,-5210,779,0
5.87,200,200,0,779,0,779,0
5.88,200,200,0,779,0,779,0
5.89,201,200,-1,-4463,-5210,747,0
5.9,201,200,-1,-4528,-5210,682,0
5.91,200,200,0,682,0,682,0
5.92,200,200,0,682,0,682,0
5.93,201,200,-1,-4560,-5210,650,0
5.94,201,200,-1,-4625,-5210,585,0
5.95,200,200,0,585,0,585,0
5.96,200,200,0,585,0,585,0
5.97,200,200,0,585,0,585,0
5.98,201,200,-1,-4657,-5210,553,0
5.99,200,200,0,553,0,553,0
6.0,199,200,1,5795,5210,585,0
6.01,201,200,-1,-4625,-5210,585,0
6.02,201,200,-1,-4690,-5210,520,0
6.03,200,200,0,520,0,520,0
6.04,200,200,0,520,0,520,0
6.05,201,200,-1,-4722,-5210,488,0
6.06,201,200,-1,-4787,-5210,423,0
6.07,200,200,0,423,0,423,0
6.08,200,200,0,423,0,423,0
6.09,201,200,-1,-4819,-5210,391,0
6.1,201,200,-1,-4884,-5210,326,0
6.11,200,200,0,326,0,326,0
6.12,200,200,0,326,0,326,0
6.13,200,200,0,326,0,326,0
6.14,201,200,-1,-4916,-5210,294,0
6.15,200,200,0,294,0,294,0
6.16,200,200,0,294,0,294,0
6.17,201,200,-1,-4948,-5210,262,0
6.18,201,200,-1,-5013,-5210,197,0
6.19,200,200,0,197,0,197,0
6.2,200,200,0,197,0,197,0
6.21,200,200,0,197,0,197,0
6.22,201,200,-1,-5045,-5210,165,0
6.23,200,200,0,165,0,165,0
6.24,200,200,0,165,0,165,0
6.25,201,200,-1,-5077,-5210,133,0
6.26,201,200,-1,-5142,-5210,68,0
6.27,200,200,0,68,0,68,0
6.28,200,200,0,68,0,68,0
6.29,200,200,0,68,0,68,0
6.3,201,200,-1,-5174,-5210,36,0
6.31,200,200,0,36,0,36,0
6.32,200,200,0,36,0,36,0
6.33,200,200,0,36,0,36,0
6.34,201,200,-1,-5206,-5210,4,0
6.35,200,200,0,4,0,4,0
6.36,200,200,0,4,0,4,0
6.37,200,200,0,4,0,4,0
6.38,201,200,-1,-5238,-5210,-28,0
6.39,200,200,0,-28,0,-28,0
6.4,200,200,0,-28,0,-28,0
6.41,200,200,0,-28,0,-28,0
6.42,201,200,-1,-5270,-5210,-60,0
6.43,200,200,0,-60,0,-60,0
6.44,200,200,0,-60,0,-60,0
6.45,200,200,0,-60,0,-60,0
6.46,201,200,-1,-5302,-5210,-92,0
6.47,201,200,-1,-5367,-5210,-157,0
6.48,201,200,-1,-5432,-5210,-222,0
6.49,201,200,-1,-5497,-5210,-287,0
6.5,201,200,-1,-5562,-5210,-352,0
6.51,201,200,-1,-5627,-5210,-417,0
6.52,201,200,-1,-5692,-5210,-482,0
6.53,201,200,-1,-5757,-5210,-547,0
6.54,201,200,-1,-5822,-5210,-612,0
6.55,201,200,-1,-5887,-5210,-677,0
6.56,201,200,-1,-5952,-5210,-742,0
6.57,201,200,-1,-6017,-5210,-807,0
6.58,201,200,-1,-6082,-5210,-872,0
6.59,201,200,-1,-6147,-5210,-937,0
6.6,201,200,-1,-6212,-5210,-1002,0
6.61,200,200,0,-1002,0,-1002,0
6.62,201,200,-1,-6244,-5210,-1034,0
6.63,201,200,-1,-6309,-5210,-1099,0
6.64,201,200,-1,-6374,-5210,-1164,0
6.65,201,200,-1,-6439,-5210,-1229,0
6.66,201,200,-1,-6504,-5210,-1294,0
6.67,201,200,-1,-6569,-5210,-1359,0
6.68,201,200,-1,-6634,-5210,-1424,0
6.69,201,200,-1,-6699,-5210,-1489,0
6.7,201,200,-1,-6764,-5210,-1554,0
6.71,201,200,-1,-6829,-5210,-1619,0
6.72,200,200,0,-1619,0,-1619,0
6.73,197,200,3,14108,15630,-1522,0
6.74,197,200,3,14303,15630,-1327,0
6.75,198,200,2,9255,10420,-1165,0
6.76,198,200,2,9385,10420,-1035,0
6.77,200,200,0,-1035,0,-1035,0
6.78,202,200,-2,-11520,-10420,-1100,0
6.79,201,200,-1,-6407,-5210,-1197,0
6.8,200,200,0,-1197,0,-1197,0
6.81,198,200,2,9288,10420,-1132,0
6.82,196,200,4,19903,20840,-937,0
6.83,198,200,2,9678,10420,-742,0
6.84,198,200,2,9808,10420,-612,0
6.85,199,200,1,4695,5210,-515,0
6.86,202,200,-2,-10967,-10420,-547,0
6.87,201,200,-1,-5854,-5210,-644,0
6.88,200,200,0,-644,0,-644,0
6.89,198,200,2,9841,10420,-579,0
6.9,196,200,4,20456,20840,-384,0
6.91,198,200,2,10231,10420,-189,0
6.92,198,200,2,10361,10420,-59,0
6.93,199,200,1,5248,5210,38,0
6.94,202,200,-2,-10414,-10420,6,0
6.95,201,200,-1,-5301,-5210,-91,0
6.96,200,200,0,-91,0,-91,0
6.97,198,200,2,10394,10420,-26,0
6.98,196,200,4,21009,20840,169,0
6.99,198,200,2,10784,10420,364,0
7.0,198,200,2,10914,10420,494,0
7.01,199,200,1,5801,5210,591,0
7.02,202,200,-2,-9861,-10420,559,0
7.03,201,200,-1,-4748,-5210,462,0
7.04,200,200,0,462,0,462,0
7.05,199,200,1,5704,5210,494,0
7.06,196,200,4,21496,20840,656,0
7.07,198,200,2,11271,10420,851,0
7.08,198,200,2,11401,10420,981,0
7.09,198,200,2,11531,10420,1111,0
7.1,201,200,-1,-4067,-5210,1143,0
7.11,202,200,-2,-9374,-10420,1046,0
7.12,201,200,-1,-4261,-5210,949,0
7.13,199,200,1,6159,5210,949,0
7.14,196,200,4,21951,20840,1111,0
7.15,197,200,3,16968,15630,1338,0
7.16,198,200,2,11920,10420,1500,0
7.17,198,200,2,12050,10420,1630,0
7.18,201,200,-1,-3548,-5210,1662,0
7.19,202,200,-2,-8855,-10420,1565,0
7.2,201,200,-1,-3742,-5210,1468,0
7.21,201,200,-1,-3807,-5210,1403,0
7.22,200,200,0,1403,0,1403,0
7.23,201,200,-1,-3839,-5210,1371,0
7.24,201,200,-1,-3904,-5210,1306,0
7.25,200,200,0,1306,0,1306,0
7.26,201,200,-1,-3936,-5210,1274,0
7.27,201,200,-1,-4001,-5210,1209,0
7.28,201,200,-1,-4066,-5210,1144,0
7.29,200,200,0,1144,0,1144,0
7.3,200,200,0,1144,0,1144,0
7.31,201,200,-1,-4098,-5210,1112,0
7.32,201,200,-1,-4163,-5210,1047,0
7.33,201,200,-1,-4228,-5210,982,0
7.34,200,200,0,982,0,982,0
7.35,201,200,-1,-4260,-5210,950,0
7.36,201,200,-1,-4325,-5210,885,0
7.37,201,200,-1,-4390,-5210,820,0
7.38,201,200,-1,-4455,-5210,755,0
7.39,201,200,-1,-4520,-5210,690,0
7.4,201,200,-1,-4585,-5210,625,0
7.41,201,200,-1,-4650,-5210,560,0
7.42,200,200,0,560,0,560,0
7.43,201,200,-1,-4682,-5210,528,0
7.44,201,200,-1,-4747,-5210,463,0
7.45,201,200,-1,-4812,-5210,398,0
7.46,200,200,0,398,0,398,0
7.47,201,200,-1,-4844,-5210,366,0
7.48,201,200,-1,-4909,-5210,301,0
7.49,200,200,0,301,0,301,0
7.5,200,200,0,301,0,301,0
7.51,200,200,0,301,0,301,0
7.52,201,200,-1,-4941,-5210,269,0
7.53,200,200,0,269,0,269,0
7.54,199,200,1,5511,5210,301,0
7.55,200,200,0,301,0,301,0
7.56,201,200,-1,-4941,-5210,269,0
7.57,200,200,0,269,0,269,0
7.58,199,200,1,5511,5210,301,0
7.59,201,200,-1,-4909,-5210,301,0
7.6,201,200,-1,-4974,-5210,236,0
7.61,200,200,0,236,0,236,0
7.62,200,200,0,236,0,236,0
7.63,200,200,0,236,0,236,0
7.64,201,200,-1,-5006,-5210,204,0
7.65,200,200,0,204,0,204,0
7.66,200,200,0,204,0,204,0
7.67,200,200,0,204,0,204,0
7.68,201,200,-1,-5038,-5210,172,0
7.69,200,200,0,172,0,172,0
7.7,200,200,0,172,0,172,0
7.71,200,200,0,172,0,172,0
7.72,201,200,-1,-5070,-5210,140,0
7.73,201,200,-1,-5135,-5210,75,0
7.74,200,200,0,75,0,75,0
7.75,200,200,0,75,0,75,0
7.76,201,200,-1,-5167,-5210,43,0
7.77,200,200,0,43,0,43,0
7.78,200,200,0,43,0,43,0
7.79,200,200,0,43,0,43,0
7.8,201,200,-1,-5199,-5210,11,0
7.81,201,200,-1,-5264,-5210,-54,0
7.82,200,200,0,-54,0,-54,0
7.83,200,200,0,-54,0,-54,0
7.84,201,200,-1,-5296,-5210,-86,0
7.85,201,200,-1,-5361,-5210,-151,0
7.86,200,200,0,-151,0,-151,0
7.87,200,200,0,-151,0,-151,0
7.88,201,200,-1,-5393,-5210,-183,0
7.89,201,200,-1,-5458,-5210,-248,0
7.9,200,200,0,-248,0,-248,0
7.91,200,200,0,-248,0,-248,0
7.92,201,200,-1,-5490,-5210,-280,0
7.93,201,200,-1,-5555,-5210,-345,0
7.94,200,200,0,-345,0,-345,0
7.95,200,200,0,-345,0,-345,0
7.96,201,200,-1,-5587,-5210,-377,0
7.97,201,200,-1,-5652,-5210,-442,0
7.98,200,200,0,-442,0,-442,0
7.99,200,200,0,-442,0,-442,0
8.0,201,200,-1,-5684,-5210,-474,0
8.01,201,200,-1,-5749,-5210,-539,0
8.02,200,200,0,-539,0,-539,0
8.03,200,200,0,-539,0,-539,0
8.04,201,200,-1,-5781,-5210,-571,0
8.05,201,200,-1,-5846,-5210,-636,0
8.06,200,200,0,-636,0,-636,0
8.07,200,200,0,-636,0,-636,0
8.08,201,200,-1,-5878,-5210,-668,0
8.09,201,200,-1,-5943,-5210,-733,0
8.1,200,200,0,-733,0,-733,0
8.11,199,200,1,4509,5210,-701,0
8.12,200,200,0,-701,0,-701,0
8.13,201,200,-1,-5943,-5210,-733,0
8.14,199,200,1,4477,5210,-733,0
8.15,197,200,3,15027,15630,-603,0
8.16,196,200,4,20464,20840,-376,0
8.17,197,200,3,15481,15630,-149,0
8.18,197,200,3,15676,15630,46,0
8.19,196,200,4,21113,20840,273,0
8.2,197,200,3,16130,15630,500,0
8.21,197,200,3,16325,15630,695,0
8.22,197,200,3,16520,15630,890,0
8.23,196,200,4,21957,20840,1117,0
8.24,196,200,4,22217,20840,1377,0
8.25,197,200,3,17234,15630,1604,0
8.26,197,200,3,17429,15630,1799,0
8.27,196,200,4,22866,20840,2026,0
8.28,196,200,4,23126,20840,2286,0
8.29,197,200,3,18143,15630,2513,0
8.3,197,200,3,18338,15630,2708,0
8.31,198,200,2,13290,10420,2870,0
8.32,201,200,-1,-2308,-5210,2902,0
8.33,201,200,-1,-2373,-5210,2837,0
8.34,200,200,0,2837,0,2837,0
8.35,200,200,0,2837,0,2837,0
8.36,200,200,0,2837,0,2837,0
8.37,201,200,-1,-2405,-5210,2805,0
8.38,201,200,-1,-2470,-5210,2740,0
8.39,200,200,0,2740,0,2740,0
8.4,200,200,0,2740,0,2740,0
8.41,201,200,-1,-2502,-5210,2708,0
8.42,201,200,-1,-2567,-5210,2643,0
8.43,200,200,0,2643,0,2643,0
8.44,200,200,0,2643,0,2643,0
8.45,201,200,-1,-2599,-5210,2611,0
8.46,200,200,0,2611,0,2611,0
8.47,200,200,0,2611,0,2611,0
8.48,201,200,-1,-2631,-5210,2579,0
8.49,201,200,-1,-2696,-5210,2514,0
8.5,201,200,-1,-2761,-5210,2449,0
8.51,201,200,-1,-2826,-5210,2384,0
8.52,201,200,-1,-2891,-5210,2319,0
8.53,201,200,-1,-2956,-5210,2254,0
8.54,201,200,-1,-3021,-5210,2189,0
8.55,201,200,-1,-3086,-5210,2124,0
8.56,201,200,-1,-3151,-5210,2059,0
8.57,201,200,-1,-3216,-5210,1994,0
8.58,201,200,-1,-3281,-5210,1929,0
8.59,201,200,-1,-3346,-5210,1864,0
8.6,201,200,-1,-3411,-5210,1799,0
8.61,201,200,-1,-3476,-5210,1734,0
8.62,201,200,-1,-3541,-5210,1669,0
8.63,201,200,-1,-3606,-5210,1604,0
8.64,200,200,0,1604,0,1604,0
8.65,201,200,-1,-3638,-5210,1572,0
8.66,201,200,-1,-3703,-5210,1507,0
8.67,201,200,-1,-3768,-5210,1442,0
8.68,201,200,-1,-3833,-5210,1377,0
8.69,201,200,-1,-3898,-5210,1312,0
8.7,201,200,-1,-3963,-5210,1247,0
8.71,201,200,-1,-4028,-5210,1182,0
8.72,201,200,-1,-4093,-5210,1117,0
8.73,201,200,-1,-4158,-5210,1052,0
8.74,201,200,-1,-4223,-5210,987,0
8.75,201,200,-1,-4288,-5210,922,0
8.76,200,200,0,922,0,922,0
8.77,201,200,-1,-4320,-5210,890,0
8.78,201,200,-1,-4385,-5210,825,0
8.79,200,200,0,825,0,825,0
8.8,201,200,-1,-4417,-5210,793,0
8.81,201,200,-1,-4482,-5210,728,0
8.82,201,200,-1,-4547,-5210,663,0
8.83,201,200,-1,-4612,-5210,598,0
8.84,200,200,0,598,0,598,0
8.85,201,200,-1,-4644,-5210,566,0
8.86,201,200,-1,-4709,-5210,501,0
8.87,201,200,-1,-4774,-5210,436,0
8.88,200,200,0,436,0,436,0
8.89,201,200,-1,-4806,-5210,404,0
8.9,201,200,-1,-4871,-5210,339,0
8.91,201,200,-1,-4936,-5210,274,0
8.92,200,200,0,274,0,274,0
8.93,201,200,-1,-4968,-5210,242,0
8.94,201,200,-1,-5033,-5210,177,0
8.95,201,200,-1,-5098,-5210,112,0
8.96,201,200,-1,-5163,-5210,47,0
8.97,201,200,-1,-5228,-5210,-18,0
8.98,201,200,-1,-5293,-5210,-83,0
8.99,201,200,-1,-5358,-5210,-148,0
9.0,200,200,0,-148,0,-148,0
9.01,201,200,-1,-5390,-5210,-180,0
9.02,201,200,-1,-5455,-5210,-245,0
9.03,199,200,1,4965,5210,-245,0
9.04,201,200,-1,-5455,-5210,-245,0
9.05,201,200,-1,-5520,-5210,-310,0
9.06,201,200,-1,-5585,-5210,-375,0
9.07,201,200,-1,-5650,-5210,-440,0
9.08,200,200,0,-440,0,-440,0
9.09,201,200,-1,-5682,-5210,-472,0
9.1,201,200,-1,-5747,-5210,-537,0
9.11,201,200,-1,-5812,-5210,-602,0
9.12,200,200,0,-602,0,-602,0
9.13,200,200,0,-602,0,-602,0
9.14,201,200,-1,-5844,-5210,-634,0
9.15,201,200,-1,-5909,-5210,-699,0
9.16,201,200,-1,-5974,-5210,-764,0
9.17,201,200,-1,-6039,-5210,-829,0
9.18,201,200,-1,-6104,-5210,-894,0
9.19,201,200,-1,-6169,-5210,-959,0
9.2,201,200,-1,-6234,-5210,-1024,0
9.21,200,200,0,-1024,0,-1024,0
9.22,201,200,-1,-6266,-5210,-1056,0
9.23,201,200,-1,-6331,-5210,-1121,0
9.24,201,200,-1,-6396,-5210,-1186,0
9.25,200,200,0,-1186,0,-1186,0
9.26,201,200,-1,-6428,-5210,-1218,0
9.27,201,200,-1,-6493,-5210,-1283,0
9.28,199,200,1,3927,5210,-1283,0
9.29,197,200,3,14477,15630,-1153,0
9.3,197,200,3,14672,15630,-958,0
9.31,198,200,2,9624,10420,-796,0
9.32,198,200,2,9754,10420,-666,0
9.33,200,200,0,-666,0,-666,0
9.34,202,200,-2,-11151,-10420,-731,0
9.35,201,200,-1,-6038,-5210,-828,0
9.36,200,200,0,-828,0,-828,0
9.37,197,200,3,14899,15630,-731,0
9.38,196,200,4,20336,20840,-504,0
9.39,198,200,2,10111,10420,-309,0
9.4,198,200,2,10241,10420,-179,0
9.41,199,200,1,5128,5210,-82,0
9.42,202,200,-2,-10534,-10420,-114,0
9.43,201,200,-1,-5421,-5210,-211,0
9.44,200,200,0,-211,0,-211,0
9.45,198,200,2,10274,10420,-146,0
9.46,196,200,4,20889,20840,49,0
9.47,198,200,2,10664,10420,244,0
9.48,197,200,3,16036,15630,406,0
9.49,198,200,2,10988,10420,568,0
9.5,201,200,-1,-4610,-5210,600,0
9.51,201,200,-1,-4675,-5210,535,0
9.52,199,200,1,5745,5210,535,0
9.53,198,200,2,11052,10420,632,0
9.54,195,200,5,26909,26050,859,0
9.55,197,200,3,16749,15630,1119,0
9.56,197,200,3,16944,15630,1314,0
9.57,198,200,2,11896,10420,1476,0
9.58,201,200,-1,-3702,-5210,1508,0
9.59,201,200,-1,-3767,-5210,1443,0
9.6,200,200,0,1443,0,1443,0
9.61,199,200,1,6685,5210,1475,0
9.62,200,200,0,1475,0,1475,0
9.63,201,200,-1,-3767,-5210,1443,0
9.64,201,200,-1,-3832,-5210,1378,0
9.65,200,200,0,1378,0,1378,0
9.66,200,200,0,1378,0,1378,0
9.67,201,200,-1,-3864,-5210,1346,0
9.68,201,200,-1,-3929,-5210,1281,0
9.69,200,200,0,1281,0,1281,0
9.7,199,200,1,6523,5210,1313,0
9.71,201,200,-1,-3897,-5210,1313,0
9.72,201,200,-1,-3962,-5210,1248,0
9.73,200,200,0,1248,0,1248,0
9.74,200,200,0,1248,0,1248,0
9.75,201,200,-1,-3994,-5210,1216,0
9.76,201,200,-1,-4059,-5210,1151,0
9.77,200,200,0,1151,0,1151,0
9.78,200,200,0,1151,0,1151,0
9.79,201,200,-1,-4091,-5210,1119,0
9.8,201,200,-1,-4156,-5210,1054,0
9.81,200,200,0,1054,0,1054,0
9.82,200,200,0,1054,0,1054,0
9.83,201,200,-1,-4188,-5210,1022,0
9.84,201,200,-1,-4253,-5210,957,0
9.85,200,200,0,957,0,957,0
9.86,200,200,0,957,0,957,0
9.87,201,200,-1,-4285,-5210,925,0
9.88,201,200,-1,-4350,-5210,860,0
9.89,200,200,0,860,0,860,0
9.9,200,200,0,860,0,860,0
9.91,201,200,-1,-4382,-5210,828,0
9.92,201,200,-1,-4447,-5210,763,0
9.93,200,200,0,763,0,763,0
9.94,200,200,0,763,0,763,0
9.95,200,200,0,763,0,763,0
9.96,201,200,-1,-4479,-5210,731,0
9.97,200,200,0,731,0,731,0
9.98,200,200,0,731,0,731,0
9.99,201,200,-1,-4511,-5210,699,0
10.0,201,200,-1,-4576,-5210,634,0
10.01,200,200,0,634,0,634,0
10.02,200,200,0,634,0,634,0
10.03,200,200,0,634,0,634,0
10.04,201,200,-1,-4608,-5210,602,0
10.05,200,200,0,602,0,602,0
10.06,200,200,0,602,0,602,0
10.07,200,200,0,602,0,602,0
10.08,201,200,-1,-4640,-5210,570,0
10.09,200,200,0,570,0,570,0
10.1,200,200,0,570,0,570,0
10.11,200,200,0,570,0,570,0
10.12,201,200,-1,-4672,-5210,538,0
10.13,200,200,0,538,0,538,0
10.14,200,200,0,538,0,538,0
10.15,200,200,0,538,0,538,0
10.16,201,200,-1,-4704,-5210,506,0
10.17,200,200,0,506,0,506,0
10.18,200,200,0,506,0,506,0
10.19,200,200,0,506,0,506,0
10.2,201,200,-1,-4736,-5210,474,0
10.21,200,200,0,474,0,474,0
10.22,200,200,0,474,0,474,0
10.23,200,200,0,474,0,474,0
10.24,201,200,-1,-4768,-5210,442,0
10.25,200,200,0,442,0,442,0
10.26,200,200,0,442,0,442,0
10.27,200,200,0,442,0,442,0
10.28,201,200,-1,-4800,-5210,410,0
10.29,201,200,-1,-4865,-5210,345,0
10.3,200,200,0,345,0,345,0
10.31,200,200,0,345,0,345,0
10.32,201,200,-1,-4897,-5210,313,0
10.33,201,200,-1,-4962,-5210,248,0
10.34,200,200,0,248,0,248,0
10.35,200,200,0,248,0,248,0
10.36,201,200,-1,-4994,-5210,216,0
10.37,201,200,-1,-5059,-5210,151,0
10.38,200,200,0,151,0,151,0
10.39,200,200,0,151,0,151,0
10.4,201,200,-1,-5091,-5210,119,0
10.41,201,200,-1,-5156,-5210,54,0
10.42,200,200,0,54,0,54,0
10.43,200,200,0,54,0,54,0
10.44,201,200,-1,-5188,-5210,22,0
10.45,201,200,-1,-5253,-5210,-43,0
10.46,200,200,0,-43,0,-43,0
10.47,200,200,0,-43,0,-43,0
10.48,201,200,-1,-5285,-5210,-75,0
10.49,201,200,-1,-5350,-5210,-140,0
10.5,201,200,-1,-5415,-5210,-205,0
10.51,201,200,-1,-5480,-5210,-270,0
10.52,201,200,-1,-5545,-5210,-335,0
10.53,201,200,-1,-5610,-5210,-400,0
10.54,201,200,-1,-5675,-5210,-465,0
10.55,201,200,-1,-5740,-5210,-530,0
10.56,201,200,-1,-5805,-5210,-595,0
10.57,201,200,-1,-5870,-5210,-660,0
10.58,201,200,-1,-5935,-5210,-725,0
10.59,200,200,0,-725,0,-725,0
10.6,201,200,-1,-5967,-5210,-757,0
10.61,201,200,-1,-6032,-5210,-822,0
10.62,201,200,-1,-6097,-5210,-887,0
10.63,201,200,-1,-6162,-5210,-952,0
10.64,201,200,-1,-6227,-5210,-1017,0
10.65,201,200,-1,-6292,-5210,-1082,0
10.66,201,200,-1,-6357,-5210,-1147,0
10.67,200,200,0,-1147,0,-1147,0
10.68,201,200,-1,-6389,-5210,-1179,0
10.69,201,350,-1,-6454,-5210,-1244,0
10.7,201,350,149,250000,776290,3574,0
10.71,201,350,149,250000,776290,13276,0
10.72,201,350,149,250000,776290,22978,0
10.73,201,350,149,250000,776290,32680,0
10.74,200,350,150,250000,781500,42415,0
10.75,198,350,152,250000,791920,52248,0
10.76,196,350,154,250000,802340,62211,0
10.77,198,350,152,250000,791920,72174,0
10.78,198,350,152,250000,791920,82072,0
10.79,201,350,149,250000,776290,91872,0
10.8,205,350,145,250000,755450,101444,0
10.81,204,350,146,250000,760660,110918,0
10.82,204,350,146,250000,760660,120425,0
10.83,210,350,140,250000,729400,129737,0
10.84,216,350,134,250000,698140,138658,0
10.85,215,350,135,250000,703350,147416,0
10.86,215,350,135,250000,703350,156207,0
10.87,221,350,129,250000,672090,164802,0
10.88,226,350,124,250000,646040,173039,0
10.89,226,350,124,250000,646040,181113,0
10.9,225,350,125,250000,651250,189220,0
10.91,231,350,119,250000,619990,197164,0
10.92,236,350,114,250000,593940,204750,0
10.93,236,350,114,250000,593940,212173,0
10.94,236,350,114,250000,593940,219596,0
10.95,241,350,109,250000,567890,226856,0
10.96,247,350,103,250000,536630,233758,0
10.97,248,350,102,250000,531420,240432,0
10.98,247,350,103,250000,536630,247106,0
10.99,252,350,98,250000,510580,250000,0
11.0,258,350,92,250000,479320,250000,0
11.01,258,350,92,250000,479320,250000,0
11.02,257,350,93,250000,484530,250000,0
11.03,262,350,88,250000,458480,250000,0
11.04,269,350,81,250000,422010,250000,0
11.05,270,350,80,250000,416800,250000,0
11.06,268,350,82,250000,427220,250000,0
11.07,273,350,77,250000,401170,250000,0
11.08,279,350,71,250000,369910,250000,0
11.09,281,350,69,250000,359490,250000,0
11.1,279,350,71,250000,369910,250000,0
11.11,283,350,67,250000,349070,250000,0
11.12,289,350,61,250000,317810,250000,0
11.13,290,350,60,250000,312600,250000,0
11.14,289,350,61,250000,317810,250000,0
11.15,291,350,59,250000,307390,250000,0
11.16,297,350,53,250000,276130,250000,0
11.17,298,350,52,250000,270920,250000,0
11.18,297,350,53,250000,276130,250000,0
11.19,300,350,50,250000,260500,250000,0
11.2,310,350,40,250000,208400,250000,0
11.21,314,350,36,250000,187560,250000,0
11.22,311,350,39,250000,203190,250000,0
11.23,314,350,36,250000,187560,250000,0
11.24,322,350,28,250000,145880,250000,0
11.25,324,350,26,250000,135460,250000,0
11.26,323,350,27,250000,140670,250000,0
11.27,325,350,25,250000,130250,250000,0
11.28,332,350,18,250000,93780,250000,0
11.29,336,350,14,250000,72940,250000,0
11.3,334,350,16,250000,83360,250000,0
11.31,337,350,13,250000,67730,250000,0
11.32,344,350,6,250000,31260,250000,0
11.33,348,350,2,250000,10420,250000,0
11.34,347,350,3,250000,15630,250000,0
11.35,348,350,2,250000,10420,250000,0
11.36,356,350,-6,218610,-31260,249870,0
11.37,360,350,-10,197250,-52100,249350,0
11.38,358,350,-8,207084,-41680,248764,0
11.39,359,350,-9,201321,-46890,248211,0
11.4,364,350,-14,174523,-72940,247463,0
11.41,367,350,-17,157884,-88570,246454,0
11.42,367,350,-17,156777,-88570,245347,0
11.43,368,350,-18,150428,-93780,244208,0
11.44,374,350,-24,117801,-125040,242841,0
11.45,379,350,-29,90026,-151090,241116,0
11.46,378,350,-28,93381,-145880,239261,0
11.47,378,350,-28,91558,-145880,237438,0
11.48,380,350,-30,79250,-156300,235550,0
11.49,381,350,-31,72054,-161510,233564,0
11.5,382,350,-32,64793,-166720,231513,0
11.51,381,350,-31,67952,-161510,229462,0
11.52,383,350,-33,55449,-171930,227379,0
11.53,386,350,-36,37573,-187560,225133,0
11.54,385,350,-35,40472,-182350,222822,0
11.55,385,350,-35,38193,-182350,220543,0
11.56,387,350,-37,25429,-192770,218199,0
11.57,389,350,-39,12535,-203190,215725,0
11.58,389,350,-39,9996,-203190,213186,0
11.59,389,350,-39,7457,-203190,210647,0
11.6,391,350,-41,-5567,-213610,208043,0
11.61,393,350,-43,-18722,-224030,205308,0
11.62,393,350,-43,-21522,-224030,202508,0
11.63,393,350,-43,-24322,-224030,199708,0
11.64,392,350,-42,-21879,-218820,196941,0
11.65,393,350,-43,-29856,-224030,194174,0
11.66,393,350,-43,-32656,-224030,191374,0
11.67,393,350,-43,-35456,-224030,188574,0
11.68,393,350,-43,-38256,-224030,185774,0
11.69,392,350,-42,-35813,-218820,183007,0
11.7,393,350,-43,-43790,-224030,180240,0
11.71,393,350,-43,-46590,-224030,177440,0
11.72,393,350,-43,-49390,-224030,174640,0
11.73,392,350,-42,-46947,-218820,171873,0
11.74,394,350,-44,-60167,-229240,169073,0
11.75,390,350,-40,-42062,-208400,166338,0
11.76,391,350,-41,-49909,-213610,163701,0
11.77,389,350,-39,-42093,-203190,161097,0
11.78,389,350,-39,-44632,-203190,158558,0
11.79,390,350,-40,-52414,-208400,155986,0
11.8,389,350,-39,-49776,-203190,153414,0
11.81,388,350,-38,-47073,-197980,150907,0
11.82,389,350,-39,-54790,-203190,148400,0
11.83,389,350,-39,-57329,-203190,145861,0
11.84,389,350,-39,-59868,-203190,143322,0
11.85,388,350,-38,-57165,-197980,140815,0
11.86,389,350,-39,-64882,-203190,138308,0
11.87,389,350,-39,-67421,-203190,135769,0
11.88,388,350,-38,-64718,-197980,133262,0
11.89,385,350,-35,-51464,-182350,130886,0
11.9,384,350,-34,-48500,-177140,128640,0
11.91,386,350,-36,-61199,-187560,126361,0
11.92,385,350,-35,-58300,-182350,124050,0
11.93,385,350,-35,-60579,-182350,121771,0
11.94,385,350,-35,-62858,-182350,119492,0
11.95,385,350,-35,-65137,-182350,117213,0
11.96,384,350,-34,-62173,-177140,114967,0
11.97,381,350,-31,-48659,-161510,112851,0
11.98,380,350,-30,-45435,-156300,110865,0
11.99,382,350,-32,-57873,-166720,108847,0
12.0,380,350,-30,-49471,-156300,106829,0
12.01,378,350,-28,-40939,-145880,104941,0
12.02,377,350,-27,-37519,-140670,103151,0
12.03,378,350,-28,-44519,-145880,101361,0
12.04,378,350,-28,-46342,-145880,99538,0
12.05,376,350,-26,-37680,-135460,97780,0
12.06,377,350,-27,-44615,-140670,96055,0
12.07,378,350,-28,-51615,-145880,94265,0
12.08,376,350,-26,-42953,-135460,92507,0
12.09,377,350,-27,-49888,-140670,90782,0
12.1,377,350,-27,-51646,-140670,89024,0
12.11,378,350,-28,-58646,-145880,87234,0
12.12,377,350,-27,-55226,-140670,85444,0
12.13,374,350,-24,-41256,-125040,83784,0
12.14,373,350,-23,-37576,-119830,82254,0
12.15,374,350,-24,-44316,-125040,80724,0
12.16,374,350,-24,-45878,-125040,79162,0
12.17,373,350,-23,-42198,-119830,77632,0
12.18,373,350,-23,-43695,-119830,76135,0
12.19,374,350,-24,-50435,-125040,74605,0
12.2,373,350,-23,-46755,-119830,73075,0
12.21,371,350,-21,-37767,-109410,71643,0
12.22,369,350,-19,-28649,-98990,70341,0
12.23,369,350,-19,-29886,-98990,69104,0
12.24,370,350,-20,-36365,-104200,67835,0
12.25,369,350,-19,-32424,-98990,66566,0
12.26,369,350,-19,-33661,-98990,65329,0
12.27,370,350,-20,-40140,-104200,64060,0
12.28,369,350,-19,-36199,-98990,62791,0
12.29,367,350,-17,-26951,-88570,61619,0
12.3,365,350,-15,-17572,-78150,60578,0
12.31,365,350,-15,-18548,-78150,59602,0
12.32,366,350,-16,-24767,-83360,58593,0
12.33,365,350,-15,-20566,-78150,57584,0
12.34,365,350,-15,-21542,-78150,56608,0
12.35,366,350,-16,-27761,-83360,55599,0
12.36,366,350,-16,-28802,-83360,54558,0
12.37,365,350,-15,-24601,-78150,53549,0
12.38,365,350,-15,-25577,-78150,52573,0
12.39,366,350,-16,-31796,-83360,51564,0
12.4,366,350,-16,-32837,-83360,50523,0
12.41,365,350,-15,-28636,-78150,49514,0
12.42,365,350,-15,-29612,-78150,48538,0
12.43,366,350,-16,-35831,-83360,47529,0
12.44,366,350,-16,-36872,-83360,46488,0
12.45,364,350,-14,-27428,-72940,45512,0
12.46,362,350,-12,-17854,-62520,44666,0
12.47,362,350,-12,-18635,-62520,43885,0
12.48,363,350,-13,-24659,-67730,43071,0
12.49,362,350,-12,-20263,-62520,42257,0
12.5,362,350,-12,-21044,-62520,41476,0
12.51,363,350,-13,-27068,-67730,40662,0
12.52,362,350,-12,-22672,-62520,39848,0
12.53,362,350,-12,-23453,-62520,39067,0
12.54,362,350,-12,-24234,-62520,38286,0
12.55,362,350,-12,-25015,-62520,37505,0
12.56,363,350,-13,-31039,-67730,36691,0
12.57,362,350,-12,-26643,-62520,35877,0
12.58,362,350,-12,-27424,-62520,35096,0
12.59,362,350,-12,-28205,-62520,34315,0
12.6,362,350,-12,-28986,-62520,33534,0
12.61,362,350,-12,-29767,-62520,32753,0
12.62,358,350,-8,-9578,-41680,32102,0
12.63,358,350,-8,-10098,-41680,31582,0
12.64,359,350,-9,-15861,-46890,31029,0
12.65,358,350,-8,-11204,-41680,30476,0
12.66,357,350,-7,-6482,-36470,29988,0
12.67,358,350,-8,-12180,-41680,29500,0
12.68,359,350,-9,-17943,-46890,28947,0
12.69,358,350,-8,-13286,-41680,28394,0
12.7,358,350,-8,-13806,-41680,27874,0
12.71,358,350,-8,-14326,-41680,27354,0
12.72,359,350,-9,-20089,-46890,26801,0
12.73,358,350,-8,-15432,-41680,26248,0
12.74,358,350,-8,-15952,-41680,25728,0
12.75,358,350,-8,-16472,-41680,25208,0
12.76,358,350,-8,-16992,-41680,24688,0
12.77,358,350,-8,-17512,-41680,24168,0
12.78,356,350,-6,-7547,-31260,23713,0
12.79,353,350,-3,7790,-15630,23420,0
12.8,355,350,-5,-2890,-26050,23160,0
12.81,355,350,-5,-3215,-26050,22835,0
12.82,354,350,-4,1702,-20840,22542,0
12.83,354,350,-4,1442,-20840,22282,0
12.84,355,350,-5,-4061,-26050,21989,0
12.85,355,350,-5,-4386,-26050,21664,0
12.86,354,350,-4,531,-20840,21371,0
12.87,354,350,-4,271,-20840,21111,0
12.88,355,350,-5,-5232,-26050,20818,0
12.89,355,350,-5,-5557,-26050,20493,0
12.9,354,350,-4,-640,-20840,20200,0
12.91,354,350,-4,-900,-20840,19940,0
12.92,355,350,-5,-6403,-26050,19647,0
12.93,355,350,-5,-6728,-26050,19322,0
12.94,354,350,-4,-1811,-20840,19029,0
12.95,354,350,-4,-2071,-20840,18769,0
12.96,355,350,-5,-7574,-26050,18476,0
12.97,354,350,-4,-2657,-20840,18183,0
12.98,354,350,-4,-2917,-20840,17923,0
12.99,354,350,-4,-3177,-20840,17663,0
13.0,355,350,-5,-8680,-26050,17370,0
13.01,355,350,-5,-9005,-26050,17045,0
13.02,354,350,-4,-4088,-20840,16752,0
13.03,354,350,-4,-4348,-20840,16492,0
13.04,355,350,-5,-9851,-26050,16199,0
13.05,355,350,-5,-10176,-26050,15874,0
13.06,354,350,-4,-5259,-20840,15581,0
13.07,354,350,-4,-5519,-20840,15321,0
13.08,355,350,-5,-11022,-26050,15028,0
13.09,355,350,-5,-11347,-26050,14703,0
13.1,354,350,-4,-6430,-20840,14410,0
13.11,354,350,-4,-6690,-20840,14150,0
13.12,355,350,-5,-12193,-26050,13857,0
13.13,355,350,-5,-12518,-26050,13532,0
13.14,354,350,-4,-7601,-20840,13239,0
13.15,354,350,-4,-7861,-20840,12979,0
13.16,355,350,-5,-13364,-26050,12686,0
13.17,355,350,-5,-13689,-26050,12361,0
13.18,354,350,-4,-8772,-20840,12068,0
13.19,354,350,-4,-9032,-20840,11808,0
13.2,354,350,-4,-9292,-20840,11548,0
13.21,355,350,-5,-14795,-26050,11255,0
13.22,354,350,-4,-9878,-20840,10962,0
13.23,354,350,-4,-10138,-20840,10702,0
13.24,354,350,-4,-10398,-20840,10442,0
13.25,355,350,-5,-15901,-26050,10149,0
13.26,354,350,-4,-10984,-20840,9856,0
13.27,354,350,-4,-11244,-20840,9596,0
13.28,354,350,-4,-11504,-20840,9336,0
13.29,355,350,-5,-17007,-26050,9043,0
13.3,354,350,-4,-12090,-20840,8750,0
13.31,354,350,-4,-12350,-20840,8490,0
13.32,354,350,-4,-12610,-20840,8230,0
13.33,355,350,-5,-18113,-26050,7937,0
13.34,354,350,-4,-13196,-20840,7644,0
13.35,351,350,-1,2272,-5210,7482,0
13.36,350,350,0,7482,0,7482,0
13.37,350,350,0,7482,0,7482,0
13.38,351,350,-1,2240,-5210,7450,0
13.39,350,350,0,7450,0,7450,0
13.4,350,350,0,7450,0,7450,0
13.41,351,350,-1,2208,-5210,7418,0
13.42,350,350,0,7418,0,7418,0
13.43,350,350,0,7418,0,7418,0
13.44,350,350,0,7418,0,7418,0
13.45,351,350,-1,2176,-5210,7386,0
13.46,350,350,0,7386,0,7386,0
13.47,350,350,0,7386,0,7386,0
13.48,350,350,0,7386,0,7386,0
13.49,350,350,0,7386,0,7386,0
13.5,350,350,0,7386,0,7386,0
13.51,350,350,0,7386,0,7386,0
13.52,350,350,0,7386,0,7386,0
13.53,350,350,0,7386,0,7386,0
13.54,350,350,0,7386,0,7386,0
13.55,350,350,0,7386,0,7386,0
13.56,350,350,0,7386,0,7386,0
13.57,350,350,0,7386,0,7386,0
13.58,350,350,0,7386,0,7386,0
13.59,350,350,0,7386,0,7386,0
13.6,349,350,1,12628,5210,7418,0
13.61,350,350,0,7418,0,7418,0
13.62,350,350,0,7418,0,7418,0
13.63,350,350,0,7418,0,7418,0
13.64,350,350,0,7418,0,7418,0
13.65,350,350,0,7418,0,7418,0
13.66,350,350,0,7418,0,7418,0
13.67,350,350,0,7418,0,7418,0
13.68,350,350,0,7418,0,7418,0
13.69,350,350,0,7418,0,7418,0
13.7,350,350,0,7418,0,7418,0
13.71,350,350,0,7418,0,7418,0
13.72,350,350,0,7418,0,7418,0
13.73,350,350,0,7418,0,7418,0
13.74,350,350,0,7418,0,7418,0
13.75,350,350,0,7418,0,7418,0
13.76,350,350,0,7418,0,7418,0
13.77,350,350,0,7418,0,7418,0
13.78,350,350,0,7418,0,7418,0
13.79,350,350,0,7418,0,7418,0
13.8,349,350,1,12660,5210,7450,0
13.81,350,350,0,7450,0,7450,0
13.82,350,350,0,7450,0,7450,0
13.83,350,350,0,7450,0,7450,0
13.84,350,350,0,7450,0,7450,0
13.85,350,350,0,7450,0,7450,0
13.86,350,350,0,7450,0,7450,0
13.87,350,350,0,7450,0,7450,0
13.88,350,350,0,7450,0,7450,0
13.89,350,350,0,7450,0,7450,0
13.9,351,350,-1,2208,-5210,7418,0
13.91,350,350,0,7418,0,7418,0
13.92,349,350,1,12660,5210,7450,0
13.93,350,350,0,7450,0,7450,0
13.94,350,350,0,7450,0,7450,0
13.95,350,350,0,7450,0,7450,0
13.96,350,350,0,7450,0,7450,0
13.97,350,350,0,7450,0,7450,0
13.98,350,350,0,7450,0,7450,0
13.99,350,350,0,7450,0,7450,0
14.0,350,350,0,7450,0,7450,0
14.01,350,350,0,7450,0,7450,0
14.02,350,350,0,7450,0,7450,0
14.03,350,350,0,7450,0,7450,0
14.04,350,350,0,7450,0,7450,0
14.05,350,350,0,7450,0,7450,0
14.06,350,350,0,7450,0,7450,0
14.07,350,350,0,7450,0,7450,0
14.08,350,350,0,7450,0,7450,0
14.09,350,350,0,7450,0,7450,0
14.1,350,350,0,7450,0,7450,0
14.11,350,350,0,7450,0,7450,0
14.12,350,350,0,7450,0,7450,0
14.13,350,350,0,7450,0,7450,0
14.14,350,350,0,7450,0,7450,0
14.15,350,350,0,7450,0,7450,0
14.16,350,350,0,7450,0,7450,0
14.17,350,350,0,7450,0,7450,0
14.18,350,350,0,7450,0,7450,0
14.19,350,350,0,7450,0,7450,0
14.2,350,350,0,7450,0,7450,0
14.21,350,350,0,7450,0,7450,0
14.22,350,350,0,7450,0,7450,0
14.23,350,350,0,7450,0,7450,0
14.24,350,350,0,7450,0,7450,0
14.25,350,350,0,7450,0,7450,0
14.26,350,350,0,7450,0,7450,0
14.27,350,350,0,7450,0,7450,0
14.28,350,350,0,7450,0,7450,0
14.29,350,350,0,7450,0,7450,0
14.3,350,350,0,7450,0,7450,0
14.31,350,350,0,7450,0,7450,0
14.32,350,350,0,7450,0,7450,0
14.33,350,350,0,7450,0,7450,0
14.34,350,350,0,7450,0,7450,0
14.35,350,350,0,7450,0,7450,0
14.36,350,350,0,7450,0,7450,0
14.37,349,350,1,12692,5210,7482,0
14.38,350,350,0,7482,0,7482,0
14.39,350,350,0,7482,0,7482,0
14.4,350,350,0,7482,0,7482,0
14.41,350,350,0,7482,0,7482,0
14.42,350,350,0,7482,0,7482,0
14.43,350,350,0,7482,0,7482,0
14.44,350,350,0,7482,0,7482,0
14.45,349,350,1,12724,5210,7514,0
14.46,350,350,0,7514,0,7514,0
14.47,350,350,0,7514,0,7514,0
14.48,350,350,0,7514,0,7514,0
14.49,350,350,0,7514,0,7514,0
14.5,350,350,0,7514,0,7514,0
14.51,351,350,-1,2272,-5210,7482,0
14.52,350,350,0,7482,0,7482,0
14.53,350,350,0,7482,0,7482,0
14.54,350,350,0,7482,0,7482,0
14.55,351,350,-1,2240,-5210,7450,0
14.56,350,350,0,7450,0,7450,0
14.57,350,350,0,7450,0,7450,0
14.58,350,350,0,7450,0,7450,0
14.59,351,350,-1,2208,-5210,7418,0
14.6,350,350,0,7418,0,7418,0
14.61,350,350,0,7418,0,7418,0
14.62,350,350,0,7418,0,7418,0
14.63,351,350,-1,2176,-5210,7386,0
14.64,351,350,-1,2111,-5210,7321,0
14.65,350,350,0,7321,0,7321,0
14.66,350,350,0,7321,0,7321,0
14.67,351,350,-1,2079,-5210,7289,0
14.68,350,350,0,7289,0,7289,0
14.69,350,350,0,7289,0,7289,0
14.7,350,350,0,7289,0,7289,0
14.71,351,350,-1,2047,-5210,7257,0
14.72,351,350,-1,1982,-5210,7192,0
14.73,350,350,0,7192,0,7192,0
14.74,350,350,0,7192,0,7192,0
14.75,351,350,-1,1950,-5210,7160,0
14.76,351,350,-1,1885,-5210,7095,0
14.77,350,350,0,7095,0,7095,0
14.78,350,350,0,7095,0,7095,0
14.79,351,350,-1,1853,-5210,7063,0
14.8,351,350,-1,1788,-5210,6998,0
14.81,350,350,0,6998,0,6998,0
14.82,350,350,0,6998,0,6998,0
14.83,352,350,-2,-3487,-10420,6933,0
14.84,351,350,-1,1626,-5210,6836,0
14.85,350,350,0,6836,0,6836,0
14.86,350,350,0,6836,0,6836,0
14.87,351,350,-1,1594,-5210,6804,0
14.88,351,350,-1,1529,-5210,6739,0
14.89,350,350,0,6739,0,6739,0
14.9,350,350,0,6739,0,6739,0
14.91,351,350,-1,1497,-5210,6707,0
14.92,351,350,-1,1432,-5210,6642,0
14.93,350,350,0,6642,0,6642,0
14.94,350,350,0,6642,0,6642,0
14.95,351,350,-1,1400,-5210,6610,0
14.96,351,350,-1,1335,-5210,6545,0
14.97,350,350,0,6545,0,6545,0
14.98,350,350,0,6545,0,6545,0
14.99,351,350,-1,1303,-5210,6513,0
15.0,351,350,-1,1238,-5210,6448,0
15.01,350,350,0,6448,0,6448,0
15.02,350,350,0,6448,0,6448,0
15.03,351,350,-1,1206,-5210,6416,0
15.04,351,350,-1,1141,-5210,6351,0
15.05,350,350,0,6351,0,6351,0
15.06,350,350,0,6351,0,6351,0
15.07,350,350,0,6351,0,6351,0
15.08,351,350,-1,1109,-5210,6319,0
15.09,350,350,0,6319,0,6319,0
15.1,350,350,0,6319,0,6319,0
15.11,350,350,0,6319,0,6319,0
15.12,351,350,-1,1077,-5210,6287,0
15.13,350,350,0,6287,0,6287,0
15.14,350,350,0,6287,0,6287,0
15.15,350,350,0,6287,0,6287,0
15.16,351,350,-1,1045,-5210,6255,0
15.17,350,350,0,6255,0,6255,0
15.18,350,350,0,6255,0,6255,0
15.19,350,350,0,6255,0,6255,0
15.2,351,350,-1,1013,-5210,6223,0
15.21,351,350,-1,948,-5210,6158,0
15.22,350,350,0,6158,0,6158,0
15.23,350,350,0,6158,0,6158,0
15.24,351,350,-1,916,-5210,6126,0
15.25,350,350,0,6126,0,6126,0
15.26,350,350,0,6126,0,6126,0
15.27,350,350,0,6126,0,6126,0
15.28,351,350,-1,884,-5210,6094,0
15.29,351,350,-1,819,-5210,6029,0
15.3,350,350,0,6029,0,6029,0
15.31,350,350,0,6029,0,6029,0
15.32,351,350,-1,787,-5210,5997,0
15.33,351,350,-1,722,-5210,5932,0
15.34,350,350,0,5932,0,5932,0
15.35,350,350,0,5932,0,5932,0
15.36,351,350,-1,690,-5210,5900,0
15.37,351,350,-1,625,-5210,5835,0
15.38,350,350,0,5835,0,5835,0
15.39,350,350,0,5835,0,5835,0
15.4,351,350,-1,593,-5210,5803,0
15.41,351,350,-1,528,-5210,5738,0
15.42,350,350,0,5738,0,5738,0
15.43,350,350,0,5738,0,5738,0
15.44,351,350,-1,496,-5210,5706,0
15.45,351,350,-1,431,-5210,5641,0
15.46,350,350,0,5641,0,5641,0
15.47,350,350,0,5641,0,5641,0
15.48,350,350,0,5641,0,5641,0
15.49,350,350,0,5641,0,5641,0
15.5,350,350,0,5641,0,5641,0
15.51,349,350,1,10883,5210,5673,0
15.52,350,350,0,5673,0,5673,0
15.53,350,350,0,5673,0,5673,0
15.54,350,350,0,5673,0,5673,0
15.55,350,350,0,5673,0,5673,0
15.56,350,350,0,5673,0,5673,0
15.57,350,350,0,5673,0,5673,0
15.58,350,350,0,5673,0,5673,0
15.59,350,350,0,5673,0,5673,0
15.6,350,350,0,5673,0,5673,0
15.61,350,350,0,5673,0,5673,0
15.62,350,350,0,5673,0,5673,0
15.63,350,350,0,5673,0,5673,0
