0.0,569,500,69,250000,276000,0,0
0.01,719,500,219,250000,876000,0,0
0.02,710,500,210,250000,840000,0,0
0.03,711,500,211,250000,844000,0,0
0.04,720,500,220,250000,880000,0,0
0.05,709,500,209,250000,836000,0,0
0.06,716,500,216,250000,864000,0,0
0.07,710,500,210,250000,840000,0,0
0.08,716,500,216,250000,864000,0,0
0.09,715,500,215,250000,860000,0,0
0.1,711,500,211,250000,844000,0,0
0.11,713,500,213,250000,852000,0,0
0.12,715,500,215,250000,860000,0,0
0.13,716,500,216,250000,864000,0,0
0.14,712,500,212,250000,848000,0,0
0.15,712,500,212,250000,848000,0,0
0.16,715,500,215,250000,860000,0,0
0.17,715,500,215,250000,860000,0,0
0.18,714,500,214,250000,856000,0,0
0.19,712,500,212,250000,848000,0,0
0.2,716,500,216,250000,864000,0,0
0.21,716,500,216,250000,864000,0,0
0.22,712,500,212,250000,848000,0,0
0.23,713,500,213,250000,852000,0,0
0.24,715,500,215,250000,860000,0,0
0.25,716,500,216,250000,864000,0,0
0.26,714,500,214,250000,856000,0,0
0.27,713,500,213,250000,852000,0,0
0.28,716,500,216,250000,864000,0,0
0.29,716,500,216,250000,864000,0,0
0.3,715,500,215,250000,860000,0,0
0.31,712,500,212,250000,848000,0,0
0.32,716,500,216,250000,864000,0,0
0.33,718,500,218,250000,872000,0,0
0.34,713,500,213,250000,852000,0,0
0.35,714,500,214,250000,856000,0,0
0.36,715,500,215,250000,860000,0,0
0.37,716,500,216,250000,864000,0,0
0.38,711,500,211,250000,844000,0,0
0.39,704,500,204,250000,816000,0,0
0.4,705,500,205,250000,820000,0,0
0.41,708,500,208,250000,832000,0,0
0.42,707,500,207,250000,828000,0,0
0.43,712,500,212,250000,848000,0,0
0.44,718,500,218,250000,872000,0,0
0.45,715,500,215,250000,860000,0,0
0.46,715,500,215,250000,860000,0,0
0.47,713,500,213,250000,852000,0,0
0.48,715,500,215,250000,860000,0,0
0.49,718,500,218,250000,872000,0,0
0.5,715,500,215,250000,860000,0,0
0.51,713,500,213,250000,852000,0,0
0.52,715,500,215,250000,860000,0,0
0.53,716,500,216,250000,864000,0,0
0.54,715,500,215,250000,860000,0,0
0.55,710,500,210,250000,840000,0,0
0.56,714,500,214,250000,856000,0,0
0.57,716,500,216,250000,864000,0,0
0.58,714,500,214,250000,856000,0,0
0.59,713,500,213,250000,852000,0,0
0.6,713,500,213,250000,852000,0,0
0.61,718,500,218,250000,872000,0,0
0.62,715,500,215,250000,860000,0,0
0.63,712,500,212,250000,848000,0,0
0.64,714,500,214,250000,856000,0,0
0.65,716,500,216,250000,864000,0,0
0.66,715,500,215,250000,860000,0,0
0.67,713,500,213,250000,852000,0,0
0.68,714,500,214,250000,856000,0,0
0.69,716,500,216,250000,864000,0,0
0.7,716,500,216,250000,864000,0,0
0.71,713,500,213,250000,852000,0,0
0.72,713,500,213,250000,852000,0,0
0.73,716,500,216,250000,864000,0,0
0.74,714,500,214,250000,856000,0,0
0.75,707,500,207,250000,828000,0,0
0.76,704,500,204,250000,816000,0,0
0.77,706,500,206,250000,824000,0,0
0.78,708,500,208,250000,832000,0,0
0.79,707,500,207,250000,828000,0,0
0.8,715,500,215,250000,860000,0,0
0.81,718,500,218,250000,872000,0,0
0.82,715,500,215,250000,860000,0,0
0.83,715,500,215,250000,860000,0,0
0.84,712,500,212,250000,848000,0,0
0.85,716,500,216,250000,864000,0,0
0.86,715,500,215,250000,860000,0,0
0.87,712,500,212,250000,848000,0,0
0.88,714,500,214,250000,856000,0,0
0.89,716,500,216,250000,864000,0,0
0.9,716,500,216,250000,864000,0,0
0.91,713,500,213,250000,852000,0,0
0.92,712,500,212,250000,848000,0,0
0.93,716,500,216,250000,864000,0,0
0.94,715,500,215,250000,860000,0,0
0.95,714,500,214,250000,856000,0,0
0.96,713,500,213,250000,852000,0,0
0.97,715,500,215,250000,860000,0,0
0.98,716,500,216,250000,864000,0,0
0.99,714,500,214,250000,856000,0,0
1.0,712,500,212,250000,848000,0,0
1.01,716,500,216,250000,864000,0,0
1.02,716,500,216,250000,864000,0,0
1.03,713,500,213,250000,852000,0,0
1.04,713,500,213,250000,852000,0,0
1.05,715,500,215,250000,860000,0,0
1.06,716,500,216,250000,864000,0,0
1.07,712,500,212,250000,848000,0,0
1.08,706,500,206,250000,824000,0,0
1.09,705,500,205,250000,820000,0,0
1.1,709,500,209,250000,836000,0,0
1.11,708,500,208,250000,832000,0,0
1.12,712,500,212,250000,848000,0,0
1.13,716,500,216,250000,864000,0,0
1.14,715,500,215,250000,860000,0,0
1.15,715,500,215,250000,860000,0,0
1.16,713,500,213,250000,852000,0,0
1.17,712,500,212,250000,848000,0,0
1.18,716,500,216,250000,864000,0,0
1.19,713,500,213,250000,852000,0,0
1.2,711,500,211,250000,844000,0,0
1.21,713,500,213,250000,852000,0,0
1.22,715,500,215,250000,860000,0,0
1.23,714,500,214,250000,856000,0,0
1.24,711,500,211,250000,844000,0,0
1.25,713,500,213,250000,852000,0,0
1.26,716,500,216,250000,864000,0,0
1.27,713,500,213,250000,852000,0,0
1.28,712,500,212,250000,848000,0,0
1.29,712,500,212,250000,848000,0,0
1.3,715,500,215,250000,860000,0,0
1.31,714,500,214,250000,856000,0,0
1.32,712,500,212,250000,848000,0,0
1.33,713,500,213,250000,852000,0,0
1.34,715,500,215,250000,860000,0,0
1.35,713,500,213,250000,852000,0,0
1.36,712,500,212,250000,848000,0,0
1.37,712,500,212,250000,848000,0,0
1.38,715,500,215,250000,860000,0,0
1.39,713,500,213,250000,852000,0,0
1.4,712,500,212,250000,848000,0,0
1.41,713,500,213,250000,852000,0,0
1.42,715,500,215,250000,860000,0,0
1.43,715,500,215,250000,860000,0,0
1.44,712,500,212,250000,848000,0,0
1.45,713,500,213,250000,852000,0,0
1.46,715,500,215,250000,860000,0,0
1.47,713,500,213,250000,852000,0,0
1.48,712,500,212,250000,848000,0,0
1.49,712,500,212,250000,848000,0,0
1.5,715,500,215,250000,860000,0,0
1.51,716,500,216,250000,864000,0,0
1.52,712,500,212,250000,848000,0,0
1.53,713,500,213,250000,852000,0,0
1.54,715,500,215,250000,860000,0,0
1.55,715,500,215,250000,860000,0,0
1.56,712,500,212,250000,848000,0,0
1.57,712,500,212,250000,848000,0,0
1.58,715,500,215,250000,860000,0,0
1.59,715,500,215,250000,860000,0,0
1.6,712,500,212,250000,848000,0,0
1.61,712,500,212,250000,848000,0,0
1.62,714,500,214,250000,856000,0,0
1.63,715,500,215,250000,860000,0,0
1.64,707,500,207,250000,828000,0,0
1.65,702,500,202,250000,808000,0,0
1.66,704,500,204,250000,816000,0,0
1.67,707,500,207,250000,828000,0,0
1.68,706,500,206,250000,824000,0,0
1.69,711,500,211,250000,844000,0,0
1.7,716,500,216,250000,864000,0,0
1.71,715,500,215,250000,860000,0,0
1.72,713,500,213,250000,852000,0,0
1.73,712,500,212,250000,848000,0,0
1.74,712,500,212,250000,848000,0,0
1.75,715,500,215,250000,860000,0,0
1.76,712,500,212,250000,848000,0,0
1.77,712,500,212,250000,848000,0,0
1.78,714,500,214,250000,856000,0,0
1.79,715,500,215,250000,860000,0,0
1.8,713,500,213,250000,852000,0,0
1.81,712,500,212,250000,848000,0,0
1.82,713,500,213,250000,852000,0,0
1.83,716,500,216,250000,864000,0,0
1.84,712,500,212,250000,848000,0,0
1.85,712,500,212,250000,848000,0,0
1.86,714,500,214,250000,856000,0,0
1.87,715,500,215,250000,860000,0,0
1.88,713,500,213,250000,852000,0,0
1.89,712,500,212,250000,848000,0,0
1.9,714,500,214,250000,856000,0,0
1.91,716,500,216,250000,864000,0,0
1.92,712,500,212,250000,848000,0,0
1.93,704,500,204,250000,816000,0,0
1.94,703,500,203,250000,812000,0,0
1.95,707,500,207,250000,828000,0,0
1.96,707,500,207,250000,828000,0,0
1.97,709,500,209,250000,836000,0,0
1.98,716,500,216,250000,864000,0,0
1.99,714,500,214,250000,856000,0,0
2.0,712,500,212,250000,848000,0,0
2.01,712,500,212,250000,848000,0,0
2.02,712,500,212,250000,848000,0,0
2.03,716,500,216,250000,864000,0,0
2.04,713,500,213,250000,852000,0,0
2.05,712,500,212,250000,848000,0,0
2.06,715,500,215,250000,860000,0,0
2.07,715,500,215,250000,860000,0,0
2.08,715,500,215,250000,860000,0,0
2.09,712,500,212,250000,848000,0,0
2.1,712,500,212,250000,848000,0,0
2.11,715,500,215,250000,860000,0,0
2.12,713,500,213,250000,852000,0,0
2.13,712,500,212,250000,848000,0,0
2.14,712,500,212,250000,848000,0,0
2.15,715,500,215,250000,860000,0,0
2.16,715,500,215,250000,860000,0,0
2.17,711,500,211,250000,844000,0,0
2.18,713,500,213,250000,852000,0,0
2.19,716,500,216,250000,864000,0,0
2.2,715,500,215,250000,860000,0,0
2.21,713,500,213,250000,852000,0,0
2.22,713,500,213,250000,852000,0,0
2.23,715,500,215,250000,860000,0,0
2.24,716,500,216,250000,864000,0,0
2.25,713,500,213,250000,852000,0,0
2.26,714,500,214,250000,856000,0,0
2.27,715,500,215,250000,860000,0,0
2.28,715,500,215,250000,860000,0,0
2.29,713,500,213,250000,852000,0,0
2.3,713,500,213,250000,852000,0,0
2.31,715,500,215,250000,860000,0,0
2.32,715,500,215,250000,860000,0,0
2.33,712,500,212,250000,848000,0,0
2.34,712,500,212,250000,848000,0,0
2.35,715,500,215,250000,860000,0,0
2.36,715,500,215,250000,860000,0,0
2.37,713,500,213,250000,852000,0,0
2.38,713,500,213,250000,852000,0,0
2.39,715,500,215,250000,860000,0,0
2.4,716,500,216,250000,864000,0,0
2.41,713,500,213,250000,852000,0,0
2.42,712,500,212,250000,848000,0,0
2.43,714,500,214,250000,856000,0,0
2.44,715,500,215,250000,860000,0,0
2.45,710,500,210,250000,840000,0,0
2.46,704,500,204,250000,816000,0,0
2.47,704,500,204,250000,816000,0,0
2.48,709,500,209,250000,836000,0,0
2.49,710,500,210,250000,840000,0,0
2.5,711,500,211,250000,844000,0,0
2.51,716,500,216,250000,864000,0,0
2.52,715,500,215,250000,860000,0,0
2.53,714,500,214,250000,856000,0,0
2.54,712,500,212,250000,848000,0,0
2.55,713,500,213,250000,852000,0,0
2.56,716,500,216,250000,864000,0,0
2.57,713,500,213,250000,852000,0,0
2.58,712,500,212,250000,848000,0,0
2.59,715,500,215,250000,860000,0,0
2.6,715,500,215,250000,860000,0,0
2.61,715,500,215,250000,860000,0,0
2.62,712,500,212,250000,848000,0,0
2.63,714,500,214,250000,856000,0,0
2.64,716,500,216,250000,864000,0,0
2.65,713,500,213,250000,852000,0,0
2.66,712,500,212,250000,848000,0,0
2.67,713,500,213,250000,852000,0,0
2.68,715,500,215,250000,860000,0,0
2.69,713,500,213,250000,852000,0,0
2.7,712,500,212,250000,848000,0,0
2.71,714,500,214,250000,856000,0,0
2.72,716,500,216,250000,864000,0,0
2.73,715,500,215,250000,860000,0,0
2.74,712,500,212,250000,848000,0,0
2.75,712,500,212,250000,848000,0,0
2.76,715,500,215,250000,860000,0,0
2.77,715,500,215,250000,860000,0,0
2.78,719,500,219,250000,876000,0,0
2.79,712,500,212,250000,848000,0,0
2.8,716,500,216,250000,864000,0,0
2.81,711,500,211,250000,844000,0,0
2.82,712,500,212,250000,848000,0,0
2.83,713,500,213,250000,852000,0,0
2.84,713,500,213,250000,852000,0,0
2.85,715,500,215,250000,860000,0,0
2.86,713,500,213,250000,852000,0,0
2.87,712,500,212,250000,848000,0,0
2.88,715,500,215,250000,860000,0,0
2.89,715,500,215,250000,860000,0,0
2.9,712,500,212,250000,848000,0,0
2.91,713,500,213,250000,852000,0,0
2.92,715,500,215,250000,860000,0,0
2.93,715,500,215,250000,860000,0,0
2.94,713,500,213,250000,852000,0,0
2.95,713,500,213,250000,852000,0,0
2.96,716,500,216,250000,864000,0,0
2.97,715,500,215,250000,860000,0,0
2.98,709,500,209,250000,836000,0,0
2.99,702,500,202,250000,808000,0,0
3.0,706,500,206,250000,824000,0,0
3.01,709,500,209,250000,836000,0,0
3.02,706,500,206,250000,824000,0,0
3.03,713,500,213,250000,852000,0,0
3.04,716,500,216,250000,864000,0,0
3.05,713,500,213,250000,852000,0,0
3.06,715,500,215,250000,860000,0,0
3.07,714,500,214,250000,856000,0,0
3.08,719,500,219,250000,876000,0,0
3.09,718,500,218,250000,872000,0,0
3.1,713,500,213,250000,852000,0,0
3.11,713,500,213,250000,852000,0,0
3.12,715,500,215,250000,860000,0,0
3.13,716,500,216,250000,864000,0,0
3.14,713,500,213,250000,852000,0,0
3.15,713,500,213,250000,852000,0,0
3.16,716,500,216,250000,864000,0,0
3.17,716,500,216,250000,864000,0,0
3.18,713,500,213,250000,852000,0,0
3.19,712,500,212,250000,848000,0,0
3.2,715,500,215,250000,860000,0,0
3.21,715,500,215,250000,860000,0,0
3.22,712,500,212,250000,848000,0,0
3.23,703,500,203,250000,812000,0,0
3.24,703,500,203,250000,812000,0,0
3.25,707,500,207,250000,828000,0,0
3.26,706,500,206,250000,824000,0,0
3.27,709,500,209,250000,836000,0,0
3.28,715,500,215,250000,860000,0,0
3.29,714,500,214,250000,856000,0,0
3.3,714,500,214,250000,856000,0,0
3.31,712,500,212,250000,848000,0,0
3.32,713,500,213,250000,852000,0,0
3.33,715,500,215,250000,860000,0,0
3.34,713,500,213,250000,852000,0,0
3.35,712,500,212,250000,848000,0,0
3.36,713,500,213,250000,852000,0,0
3.37,715,500,215,250000,860000,0,0
3.38,714,500,214,250000,856000,0,0
3.39,711,500,211,250000,844000,0,0
3.4,713,500,213,250000,852000,0,0
3.41,716,500,216,250000,864000,0,0
3.42,712,500,212,250000,848000,0,0
3.43,706,500,206,250000,824000,0,0
3.44,701,500,201,250000,804000,0,0
3.45,706,500,206,250000,824000,0,0
3.46,707,500,207,250000,828000,0,0
3.47,707,500,207,250000,828000,0,0
3.48,715,500,215,250000,860000,0,0
3.49,715,500,215,250000,860000,0,0
3.5,713,500,213,250000,852000,0,0
3.51,713,500,213,250000,852000,0,0
3.52,712,500,212,250000,848000,0,0
3.53,715,500,215,250000,860000,0,0
3.54,714,500,214,250000,856000,0,0
3.55,712,500,212,250000,848000,0,0
3.56,713,500,213,250000,852000,0,0
3.57,715,500,215,250000,860000,0,0
3.58,715,500,215,250000,860000,0,0
3.59,712,500,212,250000,848000,0,0
3.6,712,500,212,250000,848000,0,0
3.61,715,500,215,250000,860000,0,0
3.62,715,500,215,250000,860000,0,0
3.63,712,500,212,250000,848000,0,0
3.64,713,500,213,250000,852000,0,0
3.65,715,500,215,250000,860000,0,0
3.66,715,500,215,250000,860000,0,0
3.67,712,500,212,250000,848000,0,0
3.68,712,500,212,250000,848000,0,0
3.69,714,500,214,250000,856000,0,0
3.7,715,500,215,250000,860000,0,0
3.71,709,500,209,250000,836000,0,0
3.72,703,500,203,250000,812000,0,0
3.73,706,500,206,250000,824000,0,0
3.74,707,500,207,250000,828000,0,0
3.75,707,500,207,250000,828000,0,0
3.76,713,500,213,250000,852000,0,0
3.77,716,500,216,250000,864000,0,0
3.78,714,500,214,250000,856000,0,0
3.79,709,500,209,250000,836000,0,0
3.8,703,500,203,250000,812000,0,0
3.81,704,500,204,250000,816000,0,0
3.82,707,500,207,250000,828000,0,0
3.83,704,500,204,250000,816000,0,0
3.84,703,500,203,250000,812000,0,0
3.85,706,500,206,250000,824000,0,0
3.86,706,500,206,250000,824000,0,0
3.87,707,500,207,250000,828000,0,0
3.88,711,500,211,250000,844000,0,0
3.89,715,500,215,250000,860000,0,0
3.9,715,500,215,250000,860000,0,0
3.91,713,500,213,250000,852000,0,0
3.92,712,500,212,250000,848000,0,0
3.93,713,500,213,250000,852000,0,0
3.94,716,500,216,250000,864000,0,0
3.95,711,500,211,250000,844000,0,0
3.96,705,500,205,250000,820000,0,0
3.97,703,500,203,250000,812000,0,0
3.98,707,500,207,250000,828000,0,0
3.99,707,500,207,250000,828000,0,0
4.0,709,500,209,250000,836000,0,0
4.01,715,500,215,250000,860000,0,0
4.02,715,500,215,250000,860000,0,0
4.03,712,500,212,250000,848000,0,0
4.04,704,500,204,250000,816000,0,0
4.05,702,500,202,250000,808000,0,0
4.06,707,500,207,250000,828000,0,0
4.07,704,500,204,250000,816000,0,0
4.08,702,500,202,250000,808000,0,0
4.09,706,500,206,250000,824000,0,0
4.1,706,500,206,250000,824000,0,0
4.11,705,500,205,250000,820000,0,0
4.12,703,500,203,250000,812000,0,0
4.13,704,500,204,250000,816000,0,0
4.14,706,500,206,250000,824000,0,0
4.15,706,500,206,250000,824000,0,0
4.16,709,500,209,250000,836000,0,0
4.17,713,500,213,250000,852000,0,0
4.18,716,500,216,250000,864000,0,0
4.19,713,500,213,250000,852000,0,0
4.2,708,500,208,250000,832000,0,0
4.21,704,500,204,250000,816000,0,0
4.22,706,500,206,250000,824000,0,0
4.23,707,500,207,250000,828000,0,0
4.24,702,500,202,250000,808000,0,0
4.25,704,500,204,250000,816000,0,0
4.26,707,500,207,250000,828000,0,0
4.27,706,500,206,250000,824000,0,0
4.28,709,500,209,250000,836000,0,0
4.29,714,500,214,250000,856000,0,0
4.3,718,500,218,250000,872000,0,0
4.31,715,500,215,250000,860000,0,0
4.32,709,500,209,250000,836000,0,0
4.33,704,500,204,250000,816000,0,0
4.34,706,500,206,250000,824000,0,0
4.35,705,500,205,250000,820000,0,0
4.36,707,500,207,250000,828000,0,0
4.37,714,500,214,250000,856000,0,0
4.38,716,500,216,250000,864000,0,0
4.39,715,500,215,250000,860000,0,0
4.4,715,500,215,250000,860000,0,0
4.41,713,500,213,250000,852000,0,0
4.42,715,500,215,250000,860000,0,0
4.43,715,500,215,250000,860000,0,0
4.44,712,500,212,250000,848000,0,0
4.45,713,500,213,250000,852000,0,0
4.46,723,500,223,250000,892000,0,0
4.47,715,500,215,250000,860000,0,0
4.48,714,500,214,250000,856000,0,0
4.49,713,500,213,250000,852000,0,0
4.5,716,500,216,250000,864000,0,0
4.51,716,500,216,250000,864000,0,0
4.52,714,500,214,250000,856000,0,0
4.53,712,500,212,250000,848000,0,0
4.54,715,500,215,250000,860000,0,0
4.55,716,500,216,250000,864000,0,0
4.56,714,500,214,250000,856000,0,0
4.57,712,500,212,250000,848000,0,0
4.58,715,500,215,250000,860000,0,0
4.59,716,500,216,250000,864000,0,0
4.6,715,500,215,250000,860000,0,0
4.61,713,500,213,250000,852000,0,0
4.62,715,500,215,250000,860000,0,0
4.63,715,500,215,250000,860000,0,0
4.64,712,500,212,250000,848000,0,0
4.65,706,500,206,250000,824000,0,0
4.66,704,500,204,250000,816000,0,0
4.67,701,500,201,250000,804000,0,0
4.68,707,500,207,250000,828000,0,0
4.69,711,500,211,250000,844000,0,0
4.7,716,500,216,250000,864000,0,0
4.71,716,500,216,250000,864000,0,0
4.72,716,500,216,250000,864000,0,0
4.73,713,500,213,250000,852000,0,0
4.74,713,500,213,250000,852000,0,0
4.75,716,500,216,250000,864000,0,0
4.76,713,500,213,250000,852000,0,0
4.77,706,500,206,250000,824000,0,0
4.78,704,500,204,250000,816000,0,0
4.79,706,500,206,250000,824000,0,0
4.8,707,500,207,250000,828000,0,0
4.81,710,500,210,250000,840000,0,0
4.82,716,500,216,250000,864000,0,0
4.83,715,500,215,250000,860000,0,0
4.84,713,500,213,250000,852000,0,0
4.85,707,500,207,250000,828000,0,0
4.86,704,500,204,250000,816000,0,0
4.87,707,500,207,250000,828000,0,0
4.88,707,500,207,250000,828000,0,0
4.89,703,500,203,250000,812000,0,0
4.9,706,500,206,250000,824000,0,0
4.91,707,500,207,250000,828000,0,0
4.92,707,500,207,250000,828000,0,0
4.93,710,500,210,250000,840000,0,0
4.94,715,500,215,250000,860000,0,0
4.95,718,500,218,250000,872000,0,0
4.96,715,500,215,250000,860000,0,0
4.97,714,500,214,250000,856000,0,0
4.98,714,500,214,250000,856000,0,0
4.99,716,500,216,250000,864000,0,0
5.0,715,500,215,250000,860000,0,0
5.01,711,500,211,250000,844000,0,0
5.02,713,500,213,250000,852000,0,0
5.03,716,500,216,250000,864000,0,0
5.04,718,500,218,250000,872000,0,0
5.05,713,500,213,250000,852000,0,0
5.06,712,500,212,250000,848000,0,0
5.07,716,500,216,250000,864000,0,0
5.08,715,500,215,250000,860000,0,0
5.09,714,500,214,250000,856000,0,0
5.1,712,500,212,250000,848000,0,0
5.11,716,500,216,250000,864000,0,0
5.12,716,500,216,250000,864000,0,0
5.13,712,500,212,250000,848000,0,0
5.14,712,500,212,250000,848000,0,0
5.15,715,500,215,250000,860000,0,0
5.16,716,500,216,250000,864000,0,0
5.17,713,500,213,250000,852000,0,0
5.18,712,500,212,250000,848000,0,0
5.19,713,500,213,250000,852000,0,0
5.2,715,500,215,250000,860000,0,0
5.21,713,500,213,250000,852000,0,0
5.22,711,500,211,250000,844000,0,0
5.23,715,500,215,250000,860000,0,0
5.24,715,500,215,250000,860000,0,0
5.25,713,500,213,250000,852000,0,0
5.26,712,500,212,250000,848000,0,0
5.27,715,500,215,250000,860000,0,0
5.28,716,500,216,250000,864000,0,0
5.29,713,500,213,250000,852000,0,0
5.3,712,500,212,250000,848000,0,0
5.31,715,500,215,250000,860000,0,0
5.32,715,500,215,250000,860000,0,0
5.33,714,500,214,250000,856000,0,0
5.34,712,500,212,250000,848000,0,0
5.35,714,500,214,250000,856000,0,0
5.36,715,500,215,250000,860000,0,0
5.37,713,500,213,250000,852000,0,0
5.38,712,500,212,250000,848000,0,0
5.39,713,500,213,250000,852000,0,0
5.4,715,500,215,250000,860000,0,0
5.41,713,500,213,250000,852000,0,0
5.42,707,500,207,250000,828000,0,0
5.43,713,500,213,250000,852000,0,0
5.44,715,500,215,250000,860000,0,0
5.45,712,500,212,250000,848000,0,0
5.46,704,500,204,250000,816000,0,0
5.47,703,500,203,250000,812000,0,0
5.48,710,500,210,250000,840000,0,0
5.49,706,500,206,250000,824000,0,0
5.5,702,500,202,250000,808000,0,0
5.51,705,500,205,250000,820000,0,0
5.52,706,500,206,250000,824000,0,0
5.53,706,500,206,250000,824000,0,0
5.54,703,500,203,250000,812000,0,0
5.55,704,500,204,250000,816000,0,0
5.56,707,500,207,250000,828000,0,0
5.57,704,500,204,250000,816000,0,0
5.58,703,500,203,250000,812000,0,0
5.59,704,500,204,250000,816000,0,0
5.6,706,500,206,250000,824000,0,0
5.61,706,500,206,250000,824000,0,0
5.62,707,500,207,250000,828000,0,0
5.63,714,500,214,250000,856000,0,0
5.64,715,500,215,250000,860000,0,0
5.65,713,500,213,250000,852000,0,0
5.66,713,500,213,250000,852000,0,0
5.67,712,500,212,250000,848000,0,0
5.68,715,500,215,250000,860000,0,0
5.69,714,500,214,250000,856000,0,0
5.7,712,500,212,250000,848000,0,0
5.71,713,500,213,250000,852000,0,0
5.72,715,500,215,250000,860000,0,0
5.73,714,500,214,250000,856000,0,0
5.74,712,500,212,250000,848000,0,0
5.75,712,500,212,250000,848000,0,0
5.76,715,500,215,250000,860000,0,0
5.77,715,500,215,250000,860000,0,0
5.78,712,500,212,250000,848000,0,0
5.79,712,500,212,250000,848000,0,0
5.8,715,500,215,250000,860000,0,0
5.81,716,500,216,250000,864000,0,0
5.82,712,500,212,250000,848000,0,0
5.83,712,500,212,250000,848000,0,0
5.84,714,500,214,250000,856000,0,0
5.85,715,500,215,250000,860000,0,0
5.86,708,500,208,250000,832000,0,0
5.87,703,500,203,250000,812000,0,0
5.88,704,500,204,250000,816000,0,0
5.89,708,500,208,250000,832000,0,0
5.9,703,500,203,250000,812000,0,0
5.91,704,500,204,250000,816000,0,0
5.92,706,500,206,250000,824000,0,0
5.93,705,500,205,250000,820000,0,0
5.94,707,500,207,250000,828000,0,0
5.95,712,500,212,250000,848000,0,0
5.96,715,500,215,250000,860000,0,0
5.97,715,500,215,250000,860000,0,0
5.98,713,500,213,250000,852000,0,0
5.99,712,500,212,250000,848000,0,0
6.0,713,500,213,250000,852000,0,0
6.01,716,500,216,250000,864000,0,0
6.02,710,500,210,250000,840000,0,0
6.03,703,500,203,250000,812000,0,0
6.04,703,500,203,250000,812000,0,0
6.05,707,500,207,250000,828000,0,0
6.06,704,500,204,250000,816000,0,0
6.07,703,500,203,250000,812000,0,0
6.08,705,500,205,250000,820000,0,0
6.09,706,500,206,250000,824000,0,0
6.1,706,500,206,250000,824000,0,0
6.11,711,500,211,250000,844000,0,0
6.12,715,500,215,250000,860000,0,0
6.13,715,500,215,250000,860000,0,0
6.14,714,500,214,250000,856000,0,0
6.15,712,500,212,250000,848000,0,0
6.16,713,500,213,250000,852000,0,0
6.17,716,500,216,250000,864000,0,0
6.18,715,500,215,250000,860000,0,0
6.19,712,500,212,250000,848000,0,0
6.2,715,500,215,250000,860000,0,0
6.21,716,500,216,250000,864000,0,0
6.22,715,500,215,250000,860000,0,0
6.23,712,500,212,250000,848000,0,0
6.24,715,500,215,250000,860000,0,0
6.25,716,500,216,250000,864000,0,0
6.26,716,500,216,250000,864000,0,0
6.27,713,500,213,250000,852000,0,0
6.28,715,500,215,250000,860000,0,0
6.29,716,500,216,250000,864000,0,0
6.3,716,500,216,250000,864000,0,0
6.31,713,500,213,250000,852000,0,0
6.32,714,500,214,250000,856000,0,0
6.33,718,500,218,250000,872000,0,0
6.34,715,500,215,250000,860000,0,0
6.35,712,500,212,250000,848000,0,0
6.36,714,500,214,250000,856000,0,0
6.37,716,500,216,250000,864000,0,0
6.38,715,500,215,250000,860000,0,0
6.39,712,500,212,250000,848000,0,0
6.4,713,500,213,250000,852000,0,0
6.41,716,500,216,250000,864000,0,0
6.42,714,500,214,250000,856000,0,0
6.43,708,500,208,250000,832000,0,0
6.44,704,500,204,250000,816000,0,0
6.45,705,500,205,250000,820000,0,0
6.46,708,500,208,250000,832000,0,0
6.47,704,500,204,250000,816000,0,0
6.48,714,500,214,250000,856000,0,0
6.49,716,500,216,250000,864000,0,0
6.5,715,500,215,250000,860000,0,0
6.51,715,500,215,250000,860000,0,0
6.52,713,500,213,250000,852000,0,0
6.53,716,500,216,250000,864000,0,0
6.54,716,500,216,250000,864000,0,0
6.55,713,500,213,250000,852000,0,0
6.56,714,500,214,250000,856000,0,0
6.57,716,500,216,250000,864000,0,0
6.58,716,500,216,250000,864000,0,0
6.59,710,500,210,250000,840000,0,0
6.6,704,500,204,250000,816000,0,0
6.61,707,500,207,250000,828000,0,0
6.62,709,500,209,250000,836000,0,0
6.63,707,500,207,250000,828000,0,0
6.64,712,500,212,250000,848000,0,0
6.65,718,500,218,250000,872000,0,0
6.66,715,500,215,250000,860000,0,0
6.67,712,500,212,250000,848000,0,0
6.68,705,500,205,250000,820000,0,0
6.69,704,500,204,250000,816000,0,0
6.7,709,500,209,250000,836000,0,0
6.71,707,500,207,250000,828000,0,0
6.72,712,500,212,250000,848000,0,0
6.73,716,500,216,250000,864000,0,0
6.74,715,500,215,250000,860000,0,0
6.75,714,500,214,250000,856000,0,0
6.76,713,500,213,250000,852000,0,0
6.77,715,500,215,250000,860000,0,0
6.78,718,500,218,250000,872000,0,0
6.79,714,500,214,250000,856000,0,0
6.8,713,500,213,250000,852000,0,0
6.81,715,500,215,250000,860000,0,0
6.82,715,500,215,250000,860000,0,0
6.83,715,500,215,250000,860000,0,0
6.84,713,500,213,250000,852000,0,0
6.85,714,500,214,250000,856000,0,0
6.86,716,500,216,250000,864000,0,0
6.87,715,500,215,250000,860000,0,0
6.88,712,500,212,250000,848000,0,0
6.89,714,500,214,250000,856000,0,0
6.9,716,500,216,250000,864000,0,0
6.91,713,500,213,250000,852000,0,0
6.92,706,500,206,250000,824000,0,0
6.93,704,500,204,250000,816000,0,0
6.94,707,500,207,250000,828000,0,0
6.95,708,500,208,250000,832000,0,0
6.96,709,500,209,250000,836000,0,0
6.97,715,500,215,250000,860000,0,0
6.98,716,500,216,250000,864000,0,0
6.99,713,500,213,250000,852000,0,0
7.0,715,500,215,250000,860000,0,0
7.01,713,500,213,250000,852000,0,0
7.02,715,500,215,250000,860000,0,0
7.03,714,500,214,250000,856000,0,0
7.04,707,500,207,250000,828000,0,0
7.05,704,500,204,250000,816000,0,0
7.06,707,500,207,250000,828000,0,0
7.07,709,500,209,250000,836000,0,0
7.08,709,500,209,250000,836000,0,0
7.09,715,500,215,250000,860000,0,0
7.1,718,500,218,250000,872000,0,0
7.11,714,500,214,250000,856000,0,0
7.12,714,500,214,250000,856000,0,0
7.13,712,500,212,250000,848000,0,0
7.14,715,500,215,250000,860000,0,0
7.15,716,500,216,250000,864000,0,0
7.16,709,500,209,250000,836000,0,0
7.17,704,500,204,250000,816000,0,0
7.18,705,500,205,250000,820000,0,0
7.19,707,500,207,250000,828000,0,0
7.2,703,500,203,250000,812000,0,0
7.21,703,500,203,250000,812000,0,0
7.22,706,500,206,250000,824000,0,0
7.23,706,500,206,250000,824000,0,0
7.24,707,500,207,250000,828000,0,0
7.25,712,500,212,250000,848000,0,0
7.26,715,500,215,250000,860000,0,0
7.27,714,500,214,250000,856000,0,0
7.28,712,500,212,250000,848000,0,0
7.29,712,500,212,250000,848000,0,0
7.3,714,500,214,250000,856000,0,0
7.31,716,500,216,250000,864000,0,0
7.32,712,500,212,250000,848000,0,0
7.33,711,500,211,250000,844000,0,0
7.34,715,500,215,250000,860000,0,0
7.35,715,500,215,250000,860000,0,0
7.36,713,500,213,250000,852000,0,0
7.37,712,500,212,250000,848000,0,0
7.38,715,500,215,250000,860000,0,0
7.39,715,500,215,250000,860000,0,0
7.4,712,500,212,250000,848000,0,0
7.41,712,500,212,250000,848000,0,0
7.42,714,500,214,250000,856000,0,0
7.43,715,500,215,250000,860000,0,0
7.44,713,500,213,250000,852000,0,0
7.45,712,500,212,250000,848000,0,0
7.46,715,500,215,250000,860000,0,0
7.47,715,500,215,250000,860000,0,0
7.48,713,500,213,250000,852000,0,0
7.49,712,500,212,250000,848000,0,0
7.5,713,500,213,250000,852000,0,0
7.51,716,500,216,250000,864000,0,0
7.52,713,500,213,250000,852000,0,0
7.53,712,500,212,250000,848000,0,0
7.54,714,500,214,250000,856000,0,0
7.55,706,500,206,250000,824000,0,0
7.56,715,500,215,250000,860000,0,0
7.57,712,500,212,250000,848000,0,0
7.58,713,500,213,250000,852000,0,0
7.59,715,500,215,250000,860000,0,0
7.6,712,500,212,250000,848000,0,0
7.61,706,500,206,250000,824000,0,0
7.62,703,500,203,250000,812000,0,0
7.63,706,500,206,250000,824000,0,0
7.64,706,500,206,250000,824000,0,0
7.65,701,500,201,250000,804000,0,0
7.66,704,500,204,250000,816000,0,0
7.67,704,500,204,250000,816000,0,0
7.68,706,500,206,250000,824000,0,0
7.69,709,500,209,250000,836000,0,0
7.7,715,500,215,250000,860000,0,0
7.71,716,500,216,250000,864000,0,0
7.72,714,500,214,250000,856000,0,0
7.73,713,500,213,250000,852000,0,0
7.74,712,500,212,250000,848000,0,0
7.75,715,500,215,250000,860000,0,0
7.76,714,500,214,250000,856000,0,0
7.77,706,500,206,250000,824000,0,0
7.78,703,500,203,250000,812000,0,0
7.79,706,500,206,250000,824000,0,0
7.8,707,500,207,250000,828000,0,0
7.81,703,500,203,250000,812000,0,0
7.82,704,500,204,250000,816000,0,0
7.83,706,500,206,250000,824000,0,0
7.84,706,500,206,250000,824000,0,0
7.85,708,500,208,250000,832000,0,0
7.86,713,500,213,250000,852000,0,0
7.87,715,500,215,250000,860000,0,0
7.88,714,500,214,250000,856000,0,0
7.89,713,500,213,250000,852000,0,0
7.9,712,500,212,250000,848000,0,0
7.91,716,500,216,250000,864000,0,0
7.92,715,500,215,250000,860000,0,0
7.93,712,500,212,250000,848000,0,0
7.94,712,500,212,250000,848000,0,0
7.95,714,500,214,250000,856000,0,0
7.96,715,500,215,250000,860000,0,0
7.97,709,500,209,250000,836000,0,0
7.98,702,500,202,250000,808000,0,0
7.99,706,500,206,250000,824000,0,0
8.0,707,500,207,250000,828000,0,0
8.01,704,500,204,250000,816000,0,0
8.02,704,500,204,250000,816000,0,0
8.03,706,500,206,250000,824000,0,0
8.04,706,500,206,250000,824000,0,0
8.05,704,500,204,250000,816000,0,0
8.06,704,500,204,250000,816000,0,0
8.07,706,500,206,250000,824000,0,0
8.08,707,500,207,250000,828000,0,0
8.09,704,500,204,250000,816000,0,0
8.1,704,500,204,250000,816000,0,0
8.11,704,500,204,250000,816000,0,0
8.12,706,500,206,250000,824000,0,0
8.13,704,500,204,250000,816000,0,0
8.14,703,500,203,250000,812000,0,0
8.15,706,500,206,250000,824000,0,0
8.16,706,500,206,250000,824000,0,0
8.17,707,500,207,250000,828000,0,0
8.18,700,500,200,250000,800000,0,0
8.19,716,500,216,250000,864000,0,0
8.2,716,500,216,250000,864000,0,0
8.21,714,500,214,250000,856000,0,0
8.22,713,500,213,250000,852000,0,0
8.23,713,500,213,250000,852000,0,0
8.24,718,500,218,250000,872000,0,0
8.25,715,500,215,250000,860000,0,0
8.26,713,500,213,250000,852000,0,0
8.27,715,500,215,250000,860000,0,0
8.28,715,500,215,250000,860000,0,0
8.29,715,500,215,250000,860000,0,0
8.3,713,500,213,250000,852000,0,0
8.31,714,500,214,250000,856000,0,0
8.32,715,500,215,250000,860000,0,0
8.33,715,500,215,250000,860000,0,0
8.34,712,500,212,250000,848000,0,0
8.35,714,500,214,250000,856000,0,0
8.36,718,500,218,250000,872000,0,0
8.37,714,500,214,250000,856000,0,0
8.38,713,500,213,250000,852000,0,0
8.39,714,500,214,250000,856000,0,0
8.4,716,500,216,250000,864000,0,0
8.41,715,500,215,250000,860000,0,0
8.42,713,500,213,250000,852000,0,0
8.43,713,500,213,250000,852000,0,0
8.44,718,500,218,250000,872000,0,0
8.45,715,500,215,250000,860000,0,0
8.46,713,500,213,250000,852000,0,0
8.47,713,500,213,250000,852000,0,0
8.48,716,500,216,250000,864000,0,0
8.49,715,500,215,250000,860000,0,0
8.5,713,500,213,250000,852000,0,0
8.51,713,500,213,250000,852000,0,0
8.52,716,500,216,250000,864000,0,0
8.53,716,500,216,250000,864000,0,0
8.54,713,500,213,250000,852000,0,0
8.55,713,500,213,250000,852000,0,0
8.56,721,500,221,250000,884000,0,0
8.57,716,500,216,250000,864000,0,0
8.58,708,500,208,250000,832000,0,0
8.59,703,500,203,250000,812000,0,0
8.6,706,500,206,250000,824000,0,0
8.61,709,500,209,250000,836000,0,0
8.62,708,500,208,250000,832000,0,0
8.63,713,500,213,250000,852000,0,0
8.64,718,500,218,250000,872000,0,0
8.65,715,500,215,250000,860000,0,0
8.66,714,500,214,250000,856000,0,0
8.67,713,500,213,250000,852000,0,0
8.68,715,500,215,250000,860000,0,0
8.69,716,500,216,250000,864000,0,0
8.7,713,500,213,250000,852000,0,0
8.71,713,500,213,250000,852000,0,0
8.72,715,500,215,250000,860000,0,0
8.73,716,500,216,250000,864000,0,0
8.74,713,500,213,250000,852000,0,0
8.75,713,500,213,250000,852000,0,0
8.76,716,500,216,250000,864000,0,0
8.77,714,500,214,250000,856000,0,0
8.78,713,500,213,250000,852000,0,0
8.79,713,500,213,250000,852000,0,0
8.8,715,500,215,250000,860000,0,0
8.81,716,500,216,250000,864000,0,0
8.82,713,500,213,250000,852000,0,0
8.83,712,500,212,250000,848000,0,0
8.84,715,500,215,250000,860000,0,0
8.85,716,500,216,250000,864000,0,0
8.86,715,500,215,250000,860000,0,0
8.87,712,500,212,250000,848000,0,0
8.88,714,500,214,250000,856000,0,0
8.89,716,500,216,250000,864000,0,0
8.9,714,500,214,250000,856000,0,0
8.91,712,500,212,250000,848000,0,0
8.92,715,500,215,250000,860000,0,0
8.93,716,500,216,250000,864000,0,0
8.94,712,500,212,250000,848000,0,0
8.95,704,500,204,250000,816000,0,0
8.96,704,500,204,250000,816000,0,0
8.97,707,500,207,250000,828000,0,0
8.98,705,500,205,250000,820000,0,0
8.99,704,500,204,250000,816000,0,0
9.0,706,500,206,250000,824000,0,0
9.01,707,500,207,250000,828000,0,0
9.02,705,500,205,250000,820000,0,0
9.03,704,500,204,250000,816000,0,0
9.04,700,500,200,250000,800000,0,0
9.05,707,500,207,250000,828000,0,0
9.06,708,500,208,250000,832000,0,0
9.07,711,500,211,250000,844000,0,0
9.08,715,500,215,250000,860000,0,0
9.09,715,500,215,250000,860000,0,0
9.1,715,500,215,250000,860000,0,0
9.11,714,500,214,250000,856000,0,0
9.12,713,500,213,250000,852000,0,0
9.13,718,500,218,250000,872000,0,0
9.14,715,500,215,250000,860000,0,0
9.15,713,500,213,250000,852000,0,0
9.16,714,500,214,250000,856000,0,0
9.17,716,500,216,250000,864000,0,0
9.18,715,500,215,250000,860000,0,0
9.19,712,500,212,250000,848000,0,0
9.2,712,500,212,250000,848000,0,0
9.21,715,500,215,250000,860000,0,0
9.22,715,500,215,250000,860000,0,0
9.23,712,500,212,250000,848000,0,0
9.24,712,500,212,250000,848000,0,0
9.25,715,500,215,250000,860000,0,0
9.26,715,500,215,250000,860000,0,0
9.27,708,500,208,250000,832000,0,0
9.28,703,500,203,250000,812000,0,0
9.29,705,500,205,250000,820000,0,0
9.3,709,500,209,250000,836000,0,0
9.31,706,500,206,250000,824000,0,0
9.32,712,500,212,250000,848000,0,0
9.33,715,500,215,250000,860000,0,0
9.34,713,500,213,250000,852000,0,0
9.35,713,500,213,250000,852000,0,0
9.36,713,500,213,250000,852000,0,0
9.37,714,500,214,250000,856000,0,0
9.38,716,500,216,250000,864000,0,0
9.39,712,500,212,250000,848000,0,0
9.4,712,500,212,250000,848000,0,0
9.41,715,500,215,250000,860000,0,0
9.42,715,500,215,250000,860000,0,0
9.43,712,500,212,250000,848000,0,0
9.44,711,500,211,250000,844000,0,0
9.45,714,500,214,250000,856000,0,0
9.46,715,500,215,250000,860000,0,0
9.47,712,500,212,250000,848000,0,0
9.48,712,500,212,250000,848000,0,0
9.49,714,500,214,250000,856000,0,0
9.5,715,500,215,250000,860000,0,0
9.51,712,500,212,250000,848000,0,0
9.52,712,500,212,250000,848000,0,0
9.53,714,500,214,250000,856000,0,0
9.54,715,500,215,250000,860000,0,0
9.55,712,500,212,250000,848000,0,0
9.56,710,500,210,250000,840000,0,0
9.57,713,500,213,250000,852000,0,0
9.58,715,500,215,250000,860000,0,0
9.59,711,500,211,250000,844000,0,0
9.6,704,500,204,250000,816000,0,0
9.61,704,500,204,250000,816000,0,0
9.62,707,500,207,250000,828000,0,0
9.63,706,500,206,250000,824000,0,0
9.64,709,500,209,250000,836000,0,0
9.65,715,500,215,250000,860000,0,0
9.66,715,500,215,250000,860000,0,0
9.67,714,500,214,250000,856000,0,0
9.68,712,500,212,250000,848000,0,0
9.69,713,500,213,250000,852000,0,0
9.7,715,500,215,250000,860000,0,0
9.71,713,500,213,250000,852000,0,0
9.72,711,500,211,250000,844000,0,0
9.73,712,500,212,250000,848000,0,0
9.74,715,500,215,250000,860000,0,0
9.75,714,500,214,250000,856000,0,0
9.76,712,500,212,250000,848000,0,0
9.77,712,500,212,250000,848000,0,0
9.78,718,500,218,250000,872000,0,0
9.79,713,500,213,250000,852000,0,0
9.8,712,500,212,250000,848000,0,0
9.81,712,500,212,250000,848000,0,0
9.82,715,500,215,250000,860000,0,0
9.83,715,500,215,250000,860000,0,0
9.84,710,500,210,250000,840000,0,0
9.85,712,500,212,250000,848000,0,0
9.86,715,500,215,250000,860000,0,0
9.87,713,500,213,250000,852000,0,0
9.88,706,500,206,250000,824000,0,0
9.89,704,500,204,250000,816000,0,0
9.9,706,500,206,250000,824000,0,0
9.91,708,500,208,250000,832000,0,0
9.92,707,500,207,250000,828000,0,0
9.93,713,500,213,250000,852000,0,0
9.94,715,500,215,250000,860000,0,0
9.95,713,500,213,250000,852000,0,0
9.96,709,500,209,250000,836000,0,0
9.97,701,500,201,250000,804000,0,0
9.98,705,500,205,250000,820000,0,0
9.99,707,500,207,250000,828000,0,0
10.0,707,500,207,250000,828000,0,0
10.01,714,500,214,250000,856000,0,0
10.02,715,500,215,250000,860000,0,0
10.03,713,500,213,250000,852000,0,0
10.04,713,500,213,250000,852000,0,0
10.05,712,500,212,250000,848000,0,0
10.06,715,500,215,250000,860000,0,0
10.07,715,500,215,250000,860000,0,0
10.08,711,500,211,250000,844000,0,0
10.09,712,500,212,250000,848000,0,0
10.1,714,500,214,250000,856000,0,0
10.11,715,500,215,250000,860000,0,0
10.12,712,500,212,250000,848000,0,0
10.13,711,500,211,250000,844000,0,0
10.14,715,500,215,250000,860000,0,0
10.15,715,500,215,250000,860000,0,0
10.16,712,500,212,250000,848000,0,0
10.17,711,500,211,250000,844000,0,0
10.18,715,500,215,250000,860000,0,0
10.19,716,500,216,250000,864000,0,0
10.2,709,500,209,250000,836000,0,0
10.21,704,500,204,250000,816000,0,0
10.22,706,500,206,250000,824000,0,0
10.23,709,500,209,250000,836000,0,0
10.24,707,500,207,250000,828000,0,0
10.25,711,500,211,250000,844000,0,0
10.26,716,500,216,250000,864000,0,0
10.27,715,500,215,250000,860000,0,0
10.28,714,500,214,250000,856000,0,0
10.29,714,500,214,250000,856000,0,0
10.3,705,500,205,250000,820000,0,0
10.31,718,500,218,250000,872000,0,0
10.32,712,500,212,250000,848000,0,0
10.33,705,500,205,250000,820000,0,0
10.34,704,500,204,250000,816000,0,0
10.35,707,500,207,250000,828000,0,0
10.36,708,500,208,250000,832000,0,0
10.37,710,500,210,250000,840000,0,0
10.38,715,500,215,250000,860000,0,0
10.39,715,500,215,250000,860000,0,0
10.4,714,500,214,250000,856000,0,0
10.41,714,500,214,250000,856000,0,0
10.42,713,500,213,250000,852000,0,0
10.43,718,500,218,250000,872000,0,0
10.44,719,500,219,250000,876000,0,0
10.45,713,500,213,250000,852000,0,0
10.46,714,500,214,250000,856000,0,0
10.47,716,500,216,250000,864000,0,0
10.48,714,500,214,250000,856000,0,0
10.49,712,500,212,250000,848000,0,0
10.5,713,500,213,250000,852000,0,0
10.51,718,500,218,250000,872000,0,0
10.52,715,500,215,250000,860000,0,0
10.53,713,500,213,250000,852000,0,0
10.54,713,500,213,250000,852000,0,0
10.55,716,500,216,250000,864000,0,0
10.56,715,500,215,250000,860000,0,0
10.57,713,500,213,250000,852000,0,0
10.58,713,500,213,250000,852000,0,0
10.59,716,500,216,250000,864000,0,0
10.6,715,500,215,250000,860000,0,0
10.61,713,500,213,250000,852000,0,0
10.62,713,500,213,250000,852000,0,0
10.63,716,500,216,250000,864000,0,0
10.64,715,500,215,250000,860000,0,0
10.65,713,500,213,250000,852000,0,0
10.66,713,500,213,250000,852000,0,0
10.67,716,500,216,250000,864000,0,0
10.68,716,500,216,250000,864000,0,0
10.69,712,500,212,250000,848000,0,0
10.7,715,500,215,250000,860000,0,0
10.71,716,500,216,250000,864000,0,0
10.72,716,500,216,250000,864000,0,0
10.73,712,500,212,250000,848000,0,0
10.74,713,500,213,250000,852000,0,0
10.75,716,500,216,250000,864000,0,0
10.76,716,500,216,250000,864000,0,0
10.77,713,500,213,250000,852000,0,0
10.78,713,500,213,250000,852000,0,0
10.79,715,500,215,250000,860000,0,0
10.8,716,500,216,250000,864000,0,0
10.81,715,500,215,250000,860000,0,0
10.82,712,500,212,250000,848000,0,0
10.83,715,500,215,250000,860000,0,0
10.84,716,500,216,250000,864000,0,0
10.85,713,500,213,250000,852000,0,0
10.86,713,500,213,250000,852000,0,0
10.87,715,500,215,250000,860000,0,0
10.88,716,500,216,250000,864000,0,0
10.89,714,500,214,250000,856000,0,0
10.9,713,500,213,250000,852000,0,0
10.91,711,500,211,250000,844000,0,0
10.92,716,500,216,250000,864000,0,0
10.93,714,500,214,250000,856000,0,0
10.94,712,500,212,250000,848000,0,0
10.95,715,500,215,250000,860000,0,0
10.96,716,500,216,250000,864000,0,0
10.97,714,500,214,250000,856000,0,0
10.98,712,500,212,250000,848000,0,0
10.99,715,500,215,250000,860000,0,0
11.0,718,500,218,250000,872000,0,0
11.01,715,500,215,250000,860000,0,0
11.02,713,500,213,250000,852000,0,0
11.03,714,500,214,250000,856000,0,0
11.04,716,500,216,250000,864000,0,0
11.05,714,500,214,250000,856000,0,0
11.06,712,500,212,250000,848000,0,0
11.07,715,500,215,250000,860000,0,0
11.08,716,500,216,250000,864000,0,0
11.09,715,500,215,250000,860000,0,0
11.1,712,500,212,250000,848000,0,0
11.11,714,500,214,250000,856000,0,0
11.12,716,500,216,250000,864000,0,0
11.13,713,500,213,250000,852000,0,0
11.14,712,500,212,250000,848000,0,0
11.15,713,500,213,250000,852000,0,0
11.16,716,500,216,250000,864000,0,0
11.17,715,500,215,250000,860000,0,0
11.18,712,500,212,250000,848000,0,0
11.19,713,500,213,250000,852000,0,0
11.2,715,500,215,250000,860000,0,0
11.21,718,500,218,250000,872000,0,0
11.22,711,500,211,250000,844000,0,0
11.23,713,500,213,250000,852000,0,0
11.24,715,500,215,250000,860000,0,0
11.25,714,500,214,250000,856000,0,0
11.26,712,500,212,250000,848000,0,0
11.27,711,500,211,250000,844000,0,0
11.28,715,500,215,250000,860000,0,0
11.29,713,500,213,250000,852000,0,0
11.3,712,500,212,250000,848000,0,0
11.31,712,500,212,250000,848000,0,0
11.32,715,500,215,250000,860000,0,0
11.33,715,500,215,250000,860000,0,0
11.34,711,500,211,250000,844000,0,0
11.35,712,500,212,250000,848000,0,0
11.36,716,500,216,250000,864000,0,0
11.37,714,500,214,250000,856000,0,0
11.38,712,500,212,250000,848000,0,0
11.39,712,500,212,250000,848000,0,0
11.4,714,500,214,250000,856000,0,0
11.41,714,500,214,250000,856000,0,0
11.42,712,500,212,250000,848000,0,0
11.43,712,500,212,250000,848000,0,0
11.44,715,500,215,250000,860000,0,0
11.45,714,500,214,250000,856000,0,0
11.46,709,500,209,250000,836000,0,0
11.47,703,500,203,250000,812000,0,0
11.48,704,500,204,250000,816000,0,0
11.49,707,500,207,250000,828000,0,0
11.5,706,500,206,250000,824000,0,0
11.51,712,500,212,250000,848000,0,0
11.52,716,500,216,250000,864000,0,0
11.53,714,500,214,250000,856000,0,0
11.54,710,500,210,250000,840000,0,0
11.55,703,500,203,250000,812000,0,0
11.56,704,500,204,250000,816000,0,0
11.57,708,500,208,250000,832000,0,0
11.58,705,500,205,250000,820000,0,0
11.59,712,500,212,250000,848000,0,0
11.6,716,500,216,250000,864000,0,0
11.61,715,500,215,250000,860000,0,0
11.62,710,500,210,250000,840000,0,0
11.63,703,500,203,250000,812000,0,0
11.64,703,500,203,250000,812000,0,0
11.65,706,500,206,250000,824000,0,0
11.66,704,500,204,250000,816000,0,0
11.67,702,500,202,250000,808000,0,0
11.68,704,500,204,250000,816000,0,0
11.69,706,500,206,250000,824000,0,0
11.7,707,500,207,250000,828000,0,0
11.71,710,500,210,250000,840000,0,0
11.72,715,500,215,250000,860000,0,0
11.73,715,500,215,250000,860000,0,0
11.74,712,500,212,250000,848000,0,0
11.75,704,500,204,250000,816000,0,0
11.76,703,500,203,250000,812000,0,0
11.77,706,500,206,250000,824000,0,0
11.78,704,500,204,250000,816000,0,0
11.79,703,500,203,250000,812000,0,0
11.8,705,500,205,250000,820000,0,0
11.81,706,500,206,250000,824000,0,0
11.82,706,500,206,250000,824000,0,0
11.83,709,500,209,250000,836000,0,0
11.84,713,500,213,250000,852000,0,0
11.85,715,500,215,250000,860000,0,0
11.86,712,500,212,250000,848000,0,0
11.87,706,500,206,250000,824000,0,0
11.88,702,500,202,250000,808000,0,0
11.89,706,500,206,250000,824000,0,0
11.9,706,500,206,250000,824000,0,0
11.91,701,500,201,250000,804000,0,0
11.92,704,500,204,250000,816000,0,0
11.93,706,500,206,250000,824000,0,0
11.94,706,500,206,250000,824000,0,0
11.95,709,500,209,250000,836000,0,0
11.96,713,500,213,250000,852000,0,0
11.97,716,500,216,250000,864000,0,0
11.98,712,500,212,250000,848000,0,0
11.99,707,500,207,250000,828000,0,0
12.0,703,500,203,250000,812000,0,0
12.01,706,500,206,250000,824000,0,0
12.02,707,500,207,250000,828000,0,0
12.03,707,500,207,250000,828000,0,0
12.04,715,500,215,250000,860000,0,0
12.05,715,500,215,250000,860000,0,0
12.06,713,500,213,250000,852000,0,0
12.07,713,500,213,250000,852000,0,0
12.08,709,500,209,250000,836000,0,0
12.09,715,500,215,250000,860000,0,0
12.1,715,500,215,250000,860000,0,0
12.11,707,500,207,250000,828000,0,0
12.12,703,500,203,250000,812000,0,0
12.13,704,500,204,250000,816000,0,0
12.14,707,500,207,250000,828000,0,0
12.15,702,500,202,250000,808000,0,0
12.16,704,500,204,250000,816000,0,0
12.17,706,500,206,250000,824000,0,0
12.18,707,500,207,250000,828000,0,0
12.19,709,500,209,250000,836000,0,0
12.2,712,500,212,250000,848000,0,0
12.21,718,500,218,250000,872000,0,0
12.22,715,500,215,250000,860000,0,0
12.23,713,500,213,250000,852000,0,0
12.24,713,500,213,250000,852000,0,0
12.25,715,500,215,250000,860000,0,0
12.26,718,500,218,250000,872000,0,0
12.27,713,500,213,250000,852000,0,0
12.28,713,500,213,250000,852000,0,0
12.29,715,500,215,250000,860000,0,0
12.3,715,500,215,250000,860000,0,0
12.31,715,500,215,250000,860000,0,0
12.32,712,500,212,250000,848000,0,0
12.33,715,500,215,250000,860000,0,0
12.34,716,500,216,250000,864000,0,0
12.35,713,500,213,250000,852000,0,0
12.36,713,500,213,250000,852000,0,0
12.37,714,500,214,250000,856000,0,0
12.38,716,500,216,250000,864000,0,0
12.39,714,500,214,250000,856000,0,0
12.4,712,500,212,250000,848000,0,0
12.41,715,500,215,250000,860000,0,0
12.42,716,500,216,250000,864000,0,0
12.43,715,500,215,250000,860000,0,0
12.44,712,500,212,250000,848000,0,0
12.45,715,500,215,250000,860000,0,0
12.46,716,500,216,250000,864000,0,0
12.47,715,500,215,250000,860000,0,0
12.48,712,500,212,250000,848000,0,0
12.49,715,500,215,250000,860000,0,0
12.5,718,500,218,250000,872000,0,0
12.51,715,500,215,250000,860000,0,0
12.52,711,500,211,250000,844000,0,0
12.53,714,500,214,250000,856000,0,0
12.54,716,500,216,250000,864000,0,0
12.55,715,500,215,250000,860000,0,0
12.56,712,500,212,250000,848000,0,0
12.57,713,500,213,250000,852000,0,0
12.58,716,500,216,250000,864000,0,0
12.59,715,500,215,250000,860000,0,0
12.6,706,500,206,250000,824000,0,0
12.61,704,500,204,250000,816000,0,0
12.62,707,500,207,250000,828000,0,0
12.63,708,500,208,250000,832000,0,0
12.64,711,500,211,250000,844000,0,0
12.65,716,500,216,250000,864000,0,0
12.66,716,500,216,250000,864000,0,0
12.67,714,500,214,250000,856000,0,0
12.68,713,500,213,250000,852000,0,0
12.69,712,500,212,250000,848000,0,0
12.7,715,500,215,250000,860000,0,0
12.71,715,500,215,250000,860000,0,0
12.72,707,500,207,250000,828000,0,0
12.73,704,500,204,250000,816000,0,0
12.74,704,500,204,250000,816000,0,0
12.75,707,500,207,250000,828000,0,0
12.76,708,500,208,250000,832000,0,0
12.77,714,500,214,250000,856000,0,0
12.78,718,500,218,250000,872000,0,0
12.79,714,500,214,250000,856000,0,0
12.8,713,500,213,250000,852000,0,0
12.81,712,500,212,250000,848000,0,0
12.82,715,500,215,250000,860000,0,0
12.83,716,500,216,250000,864000,0,0
12.84,712,500,212,250000,848000,0,0
12.85,713,500,213,250000,852000,0,0
12.86,716,500,216,250000,864000,0,0
12.87,715,500,215,250000,860000,0,0
12.88,710,500,210,250000,840000,0,0
12.89,704,500,204,250000,816000,0,0
12.9,706,500,206,250000,824000,0,0
12.91,709,500,209,250000,836000,0,0
12.92,707,500,207,250000,828000,0,0
12.93,713,500,213,250000,852000,0,0
12.94,716,500,216,250000,864000,0,0
12.95,715,500,215,250000,860000,0,0
12.96,714,500,214,250000,856000,0,0
12.97,712,500,212,250000,848000,0,0
12.98,715,500,215,250000,860000,0,0
12.99,716,500,216,250000,864000,0,0
13.0,713,500,213,250000,852000,0,0
13.01,713,500,213,250000,852000,0,0
13.02,715,500,215,250000,860000,0,0
13.03,716,500,216,250000,864000,0,0
13.04,712,500,212,250000,848000,0,0
13.05,704,500,204,250000,816000,0,0
13.06,705,500,205,250000,820000,0,0
13.07,708,500,208,250000,832000,0,0
13.08,704,500,204,250000,816000,0,0
13.09,704,500,204,250000,816000,0,0
13.1,706,500,206,250000,824000,0,0
13.11,707,500,207,250000,828000,0,0
13.12,706,500,206,250000,824000,0,0
13.13,711,500,211,250000,844000,0,0
13.14,716,500,216,250000,864000,0,0
13.15,716,500,216,250000,864000,0,0
13.16,712,500,212,250000,848000,0,0
13.17,706,500,206,250000,824000,0,0
13.18,703,500,203,250000,812000,0,0
13.19,707,500,207,250000,828000,0,0
13.2,706,500,206,250000,824000,0,0
13.21,709,500,209,250000,836000,0,0
13.22,716,500,216,250000,864000,0,0
13.23,713,500,213,250000,852000,0,0
13.24,713,500,213,250000,852000,0,0
13.25,712,500,212,250000,848000,0,0
13.26,712,500,212,250000,848000,0,0
13.27,718,500,218,250000,872000,0,0
13.28,714,500,214,250000,856000,0,0
13.29,712,500,212,250000,848000,0,0
13.3,713,500,213,250000,852000,0,0
13.31,715,500,215,250000,860000,0,0
13.32,714,500,214,250000,856000,0,0
13.33,712,500,212,250000,848000,0,0
13.34,712,500,212,250000,848000,0,0
13.35,715,500,215,250000,860000,0,0
13.36,715,500,215,250000,860000,0,0
13.37,712,500,212,250000,848000,0,0
13.38,712,500,212,250000,848000,0,0
13.39,714,500,214,250000,856000,0,0
13.4,715,500,215,250000,860000,0,0
13.41,711,500,211,250000,844000,0,0
13.42,713,500,213,250000,852000,0,0
13.43,715,500,215,250000,860000,0,0
13.44,715,500,215,250000,860000,0,0
13.45,715,500,215,250000,860000,0,0
13.46,713,500,213,250000,852000,0,0
13.47,715,500,215,250000,860000,0,0
13.48,714,500,214,250000,856000,0,0
13.49,712,500,212,250000,848000,0,0
13.5,713,500,213,250000,852000,0,0
13.51,715,500,215,250000,860000,0,0
13.52,715,500,215,250000,860000,0,0
13.53,707,500,207,250000,828000,0,0
13.54,703,500,203,250000,812000,0,0
13.55,704,500,204,250000,816000,0,0
13.56,708,500,208,250000,832000,0,0
13.57,703,500,203,250000,812000,0,0
13.58,703,500,203,250000,812000,0,0
13.59,706,500,206,250000,824000,0,0
13.6,705,500,205,250000,820000,0,0
13.61,704,500,204,250000,816000,0,0
13.62,703,500,203,250000,812000,0,0
13.63,706,500,206,250000,824000,0,0
13.64,706,500,206,250000,824000,0,0
13.65,706,500,206,250000,824000,0,0
13.66,712,500,212,250000,848000,0,0
13.67,715,500,215,250000,860000,0,0
13.68,714,500,214,250000,856000,0,0
13.69,709,500,209,250000,836000,0,0
13.7,703,500,203,250000,812000,0,0
13.71,703,500,203,250000,812000,0,0
13.72,705,500,205,250000,820000,0,0
13.73,706,500,206,250000,824000,0,0
13.74,709,500,209,250000,836000,0,0
13.75,715,500,215,250000,860000,0,0
13.76,714,500,214,250000,856000,0,0
13.77,711,500,211,250000,844000,0,0
13.78,704,500,204,250000,816000,0,0
13.79,701,500,201,250000,804000,0,0
13.8,707,500,207,250000,828000,0,0
13.81,706,500,206,250000,824000,0,0
13.82,709,500,209,250000,836000,0,0
13.83,716,500,216,250000,864000,0,0
13.84,715,500,215,250000,860000,0,0
13.85,714,500,214,250000,856000,0,0
13.86,712,500,212,250000,848000,0,0
13.87,712,500,212,250000,848000,0,0
13.88,716,500,216,250000,864000,0,0
13.89,713,500,213,250000,852000,0,0
13.9,711,500,211,250000,844000,0,0
13.91,713,500,213,250000,852000,0,0
13.92,715,500,215,250000,860000,0,0
13.93,713,500,213,250000,852000,0,0
13.94,710,500,210,250000,840000,0,0
13.95,712,500,212,250000,848000,0,0
13.96,715,500,215,250000,860000,0,0
13.97,715,500,215,250000,860000,0,0
13.98,712,500,212,250000,848000,0,0
13.99,712,500,212,250000,848000,0,0
14.0,715,500,215,250000,860000,0,0
14.01,715,500,215,250000,860000,0,0
14.02,712,500,212,250000,848000,0,0
14.03,712,500,212,250000,848000,0,0
14.04,715,500,215,250000,860000,0,0
14.05,715,500,215,250000,860000,0,0
14.06,712,500,212,250000,848000,0,0
14.07,713,500,213,250000,852000,0,0
14.08,715,500,215,250000,860000,0,0
14.09,714,500,214,250000,856000,0,0
14.1,706,500,206,250000,824000,0,0
14.11,702,500,202,250000,808000,0,0
14.12,706,500,206,250000,824000,0,0
14.13,707,500,207,250000,828000,0,0
14.14,707,500,207,250000,828000,0,0
14.15,713,500,213,250000,852000,0,0
14.16,715,500,215,250000,860000,0,0
14.17,713,500,213,250000,852000,0,0
14.18,709,500,209,250000,836000,0,0
14.19,703,500,203,250000,812000,0,0
14.2,706,500,206,250000,824000,0,0
14.21,709,500,209,250000,836000,0,0
14.22,706,500,206,250000,824000,0,0
14.23,714,500,214,250000,856000,0,0
14.24,716,500,216,250000,864000,0,0
14.25,715,500,215,250000,860000,0,0
14.26,715,500,215,250000,860000,0,0
14.27,712,500,212,250000,848000,0,0
14.28,715,500,215,250000,860000,0,0
14.29,716,500,216,250000,864000,0,0
14.3,712,500,212,250000,848000,0,0
14.31,713,500,213,250000,852000,0,0
14.32,715,500,215,250000,860000,0,0
14.33,715,500,215,250000,860000,0,0
14.34,712,500,212,250000,848000,0,0
14.35,712,500,212,250000,848000,0,0
14.36,715,500,215,250000,860000,0,0
14.37,716,500,216,250000,864000,0,0
14.38,714,500,214,250000,856000,0,0
14.39,715,500,215,250000,860000,0,0
14.4,715,500,215,250000,860000,0,0
14.41,716,500,216,250000,864000,0,0
14.42,712,500,212,250000,848000,0,0
14.43,704,500,204,250000,816000,0,0
14.44,704,500,204,250000,816000,0,0
14.45,708,500,208,250000,832000,0,0
14.46,705,500,205,250000,820000,0,0
14.47,704,500,204,250000,816000,0,0
14.48,706,500,206,250000,824000,0,0
14.49,706,500,206,250000,824000,0,0
14.5,707,500,207,250000,828000,0,0
14.51,712,500,212,250000,848000,0,0
14.52,716,500,216,250000,864000,0,0
14.53,716,500,216,250000,864000,0,0
14.54,712,500,212,250000,848000,0,0
14.55,706,500,206,250000,824000,0,0
14.56,704,500,204,250000,816000,0,0
14.57,707,500,207,250000,828000,0,0
14.58,706,500,206,250000,824000,0,0
14.59,703,500,203,250000,812000,0,0
14.6,706,500,206,250000,824000,0,0
14.61,706,500,206,250000,824000,0,0
14.62,706,500,206,250000,824000,0,0
14.63,704,500,204,250000,816000,0,0
14.64,706,500,206,250000,824000,0,0
14.65,707,500,207,250000,828000,0,0
14.66,707,500,207,250000,828000,0,0
14.67,709,500,209,250000,836000,0,0
14.68,715,500,215,250000,860000,0,0
14.69,716,500,216,250000,864000,0,0
14.7,715,500,215,250000,860000,0,0
14.71,713,500,213,250000,852000,0,0
14.72,713,500,213,250000,852000,0,0
14.73,716,500,216,250000,864000,0,0
14.74,715,500,215,250000,860000,0,0
14.75,712,500,212,250000,848000,0,0
14.76,714,500,214,250000,856000,0,0
14.77,716,500,216,250000,864000,0,0
14.78,715,500,215,250000,860000,0,0
14.79,712,500,212,250000,848000,0,0
14.8,713,500,213,250000,852000,0,0
14.81,718,500,218,250000,872000,0,0
14.82,715,500,215,250000,860000,0,0
14.83,712,500,212,250000,848000,0,0
14.84,713,500,213,250000,852000,0,0
14.85,716,500,216,250000,864000,0,0
14.86,716,500,216,250000,864000,0,0
14.87,713,500,213,250000,852000,0,0
14.88,714,500,214,250000,856000,0,0
14.89,715,500,215,250000,860000,0,0
14.9,715,500,215,250000,860000,0,0
14.91,714,500,214,250000,856000,0,0
14.92,713,500,213,250000,852000,0,0
14.93,719,500,219,250000,876000,0,0
14.94,716,500,216,250000,864000,0,0
14.95,713,500,213,250000,852000,0,0
14.96,712,500,212,250000,848000,0,0
14.97,716,500,216,250000,864000,0,0
14.98,716,500,216,250000,864000,0,0
14.99,714,500,214,250000,856000,0,0
15.0,712,500,212,250000,848000,0,0
15.01,716,500,216,250000,864000,0,0
15.02,716,500,216,250000,864000,0,0
15.03,715,500,215,250000,860000,0,0
15.04,713,500,213,250000,852000,0,0
15.05,715,500,215,250000,860000,0,0
15.06,716,500,216,250000,864000,0,0
15.07,710,500,210,250000,840000,0,0
15.08,704,500,204,250000,816000,0,0
15.09,705,500,205,250000,820000,0,0
15.1,708,500,208,250000,832000,0,0
15.11,707,500,207,250000,828000,0,0
15.12,712,500,212,250000,848000,0,0
15.13,718,500,218,250000,872000,0,0
15.14,715,500,215,250000,860000,0,0
15.15,713,500,213,250000,852000,0,0
15.16,713,500,213,250000,852000,0,0
15.17,715,500,215,250000,860000,0,0
15.18,715,500,215,250000,860000,0,0
15.19,713,500,213,250000,852000,0,0
15.2,712,500,212,250000,848000,0,0
15.21,715,500,215,250000,860000,0,0
15.22,715,500,215,250000,860000,0,0
15.23,713,500,213,250000,852000,0,0
15.24,710,500,210,250000,840000,0,0
15.25,714,500,214,250000,856000,0,0
15.26,715,500,215,250000,860000,0,0
15.27,713,500,213,250000,852000,0,0
15.28,711,500,211,250000,844000,0,0
15.29,714,500,214,250000,856000,0,0
15.3,716,500,216,250000,864000,0,0
15.31,713,500,213,250000,852000,0,0
15.32,712,500,212,250000,848000,0,0
15.33,713,500,213,250000,852000,0,0
15.34,715,500,215,250000,860000,0,0
15.35,713,500,213,250000,852000,0,0
15.36,712,500,212,250000,848000,0,0
15.37,713,500,213,250000,852000,0,0
15.38,715,500,215,250000,860000,0,0
15.39,712,500,212,250000,848000,0,0
15.4,706,500,206,250000,824000,0,0
15.41,702,500,202,250000,808000,0,0
15.42,706,500,206,250000,824000,0,0
15.43,707,500,207,250000,828000,0,0
15.44,708,500,208,250000,832000,0,0
15.45,715,500,215,250000,860000,0,0
15.46,715,500,215,250000,860000,0,0
15.47,713,500,213,250000,852000,0,0
15.48,713,500,213,250000,852000,0,0
15.49,713,500,213,250000,852000,0,0
15.5,715,500,215,250000,860000,0,0
15.51,715,500,215,250000,860000,0,0
15.52,711,500,211,250000,844000,0,0
15.53,712,500,212,250000,848000,0,0
15.54,715,500,215,250000,860000,0,0
15.55,715,500,215,250000,860000,0,0
15.56,712,500,212,250000,848000,0,0
15.57,712,500,212,250000,848000,0,0
15.58,715,500,215,250000,860000,0,0
15.59,715,500,215,250000,860000,0,0
15.6,712,500,212,250000,848000,0,0
15.61,712,500,212,250000,848000,0,0
15.62,715,500,215,250000,860000,0,0
15.63,715,500,215,250000,860000,0,0
15.64,712,500,212,250000,848000,0,0
15.65,712,500,212,250000,848000,0,0
15.66,714,500,214,250000,856000,0,0
15.67,715,500,215,250000,860000,0,0
15.68,712,500,212,250000,848000,0,0
15.69,711,500,211,250000,844000,0,0
15.7,711,500,211,250000,844000,0,0
15.71,715,500,215,250000,860000,0,0
15.72,712,500,212,250000,848000,0,0
15.73,712,500,212,250000,848000,0,0
15.74,715,500,215,250000,860000,0,0
15.75,715,500,215,250000,860000,0,0
15.76,713,500,213,250000,852000,0,0
15.77,710,500,210,250000,840000,0,0
15.78,714,500,214,250000,856000,0,0
15.79,715,500,215,250000,860000,0,0
15.8,713,500,213,250000,852000,0,0
15.81,712,500,212,250000,848000,0,0
15.82,715,500,215,250000,860000,0,0
15.83,715,500,215,250000,860000,0,0
15.84,713,500,213,250000,852000,0,0
15.85,712,500,212,250000,848000,0,0
15.86,714,500,214,250000,856000,0,0
15.87,715,500,215,250000,860000,0,0
15.88,713,500,213,250000,852000,0,0
15.89,711,500,211,250000,844000,0,0
15.9,715,500,215,250000,860000,0,0
15.91,716,500,216,250000,864000,0,0
15.92,713,500,213,250000,852000,0,0
15.93,711,500,211,250000,844000,0,0
15.94,714,500,214,250000,856000,0,0
15.95,715,500,215,250000,860000,0,0
15.96,714,500,214,250000,856000,0,0
15.97,711,500,211,250000,844000,0,0
15.98,713,500,213,250000,852000,0,0
15.99,716,500,216,250000,864000,0,0
16.0,714,500,214,250000,856000,0,0
16.01,712,500,212,250000,848000,0,0
16.02,713,500,213,250000,852000,0,0
16.03,716,500,216,250000,864000,0,0
16.04,712,500,212,250000,848000,0,0
16.05,704,500,204,250000,816000,0,0
16.06,703,500,203,250000,812000,0,0
16.07,707,500,207,250000,828000,0,0
16.08,706,500,206,250000,824000,0,0
16.09,708,500,208,250000,832000,0,0
16.1,715,500,215,250000,860000,0,0
16.11,716,500,216,250000,864000,0,0
16.12,713,500,213,250000,852000,0,0
16.13,712,500,212,250000,848000,0,0
16.14,712,500,212,250000,848000,0,0
16.15,716,500,216,250000,864000,0,0
16.16,715,500,215,250000,860000,0,0
16.17,710,500,210,250000,840000,0,0
16.18,714,500,214,250000,856000,0,0
16.19,715,500,215,250000,860000,0,0
16.2,714,500,214,250000,856000,0,0
16.21,707,500,207,250000,828000,0,0
16.22,702,500,202,250000,808000,0,0
16.23,707,500,207,250000,828000,0,0
16.24,707,500,207,250000,828000,0,0
16.25,709,500,209,250000,836000,0,0
16.26,713,500,213,250000,852000,0,0
16.27,716,500,216,250000,864000,0,0
16.28,714,500,214,250000,856000,0,0
16.29,714,500,214,250000,856000,0,0
16.3,713,500,213,250000,852000,0,0
16.31,716,500,216,250000,864000,0,0
16.32,716,500,216,250000,864000,0,0
16.33,713,500,213,250000,852000,0,0
16.34,713,500,213,250000,852000,0,0
16.35,716,500,216,250000,864000,0,0
16.36,716,500,216,250000,864000,0,0
16.37,714,500,214,250000,856000,0,0
16.38,712,500,212,250000,848000,0,0
16.39,715,500,215,250000,860000,0,0
16.4,715,500,215,250000,860000,0,0
16.41,713,500,213,250000,852000,0,0
16.42,711,500,211,250000,844000,0,0
16.43,715,500,215,250000,860000,0,0
16.44,716,500,216,250000,864000,0,0
16.45,716,500,216,250000,864000,0,0
16.46,712,500,212,250000,848000,0,0
16.47,716,500,216,250000,864000,0,0
16.48,716,500,216,250000,864000,0,0
16.49,713,500,213,250000,852000,0,0
16.5,712,500,212,250000,848000,0,0
16.51,716,500,216,250000,864000,0,0
16.52,716,500,216,250000,864000,0,0
16.53,713,500,213,250000,852000,0,0
16.54,712,500,212,250000,848000,0,0
16.55,715,500,215,250000,860000,0,0
16.56,716,500,216,250000,864000,0,0
16.57,712,500,212,250000,848000,0,0
16.58,702,500,202,250000,808000,0,0
16.59,704,500,204,250000,816000,0,0
16.6,709,500,209,250000,836000,0,0
16.61,707,500,207,250000,828000,0,0
16.62,711,500,211,250000,844000,0,0
16.63,716,500,216,250000,864000,0,0
16.64,715,500,215,250000,860000,0,0
16.65,715,500,215,250000,860000,0,0
16.66,713,500,213,250000,852000,0,0
16.67,714,500,214,250000,856000,0,0
16.68,718,500,218,250000,872000,0,0
16.69,714,500,214,250000,856000,0,0
16.7,712,500,212,250000,848000,0,0
16.71,715,500,215,250000,860000,0,0
16.72,715,500,215,250000,860000,0,0
16.73,715,500,215,250000,860000,0,0
16.74,711,500,211,250000,844000,0,0
16.75,713,500,213,250000,852000,0,0
16.76,716,500,216,250000,864000,0,0
16.77,712,500,212,250000,848000,0,0
16.78,706,500,206,250000,824000,0,0
16.79,703,500,203,250000,812000,0,0
16.8,706,500,206,250000,824000,0,0
16.81,707,500,207,250000,828000,0,0
16.82,708,500,208,250000,832000,0,0
16.83,715,500,215,250000,860000,0,0
16.84,715,500,215,250000,860000,0,0
16.85,713,500,213,250000,852000,0,0
16.86,708,500,208,250000,832000,0,0
16.87,701,500,201,250000,804000,0,0
16.88,708,500,208,250000,832000,0,0
16.89,706,500,206,250000,824000,0,0
16.9,703,500,203,250000,812000,0,0
16.91,698,500,198,250000,792000,0,0
