0.0,586,500,86,250000,344000,0,0
0.01,704,500,204,250000,816000,0,0
0.02,705,500,205,250000,820000,0,0
0.03,704,500,204,250000,816000,0,0
0.04,704,500,204,250000,816000,0,0
0.05,706,500,206,250000,824000,0,0
0.06,706,500,206,250000,824000,0,0
0.07,704,500,204,250000,816000,0,0
0.08,705,500,205,250000,820000,0,0
0.09,706,500,206,250000,824000,0,0
0.1,706,500,206,250000,824000,0,0
0.11,705,500,205,250000,820000,0,0
0.12,705,500,205,250000,820000,0,0
0.13,707,500,207,250000,828000,0,0
0.14,706,500,206,250000,824000,0,0
0.15,704,500,204,250000,816000,0,0
0.16,705,500,205,250000,820000,0,0
0.17,707,500,207,250000,828000,0,0
0.18,706,500,206,250000,824000,0,0
0.19,704,500,204,250000,816000,0,0
0.2,704,500,204,250000,816000,0,0
0.21,706,500,206,250000,824000,0,0
0.22,706,500,206,250000,824000,0,0
0.23,704,500,204,250000,816000,0,0
0.24,704,500,204,250000,816000,0,0
0.25,707,500,207,250000,828000,0,0
0.26,706,500,206,250000,824000,0,0
0.27,704,500,204,250000,816000,0,0
0.28,705,500,205,250000,820000,0,0
0.29,706,500,206,250000,824000,0,0
0.3,707,500,207,250000,828000,0,0
0.31,704,500,204,250000,816000,0,0
0.32,704,500,204,250000,816000,0,0
0.33,707,500,207,250000,828000,0,0
0.34,706,500,206,250000,824000,0,0
0.35,705,500,205,250000,820000,0,0
0.36,704,500,204,250000,816000,0,0
0.37,706,500,206,250000,824000,0,0
0.38,706,500,206,250000,824000,0,0
0.39,704,500,204,250000,816000,0,0
0.4,704,500,204,250000,816000,0,0
0.41,707,500,207,250000,828000,0,0
0.42,706,500,206,250000,824000,0,0
0.43,704,500,204,250000,816000,0,0
0.44,704,500,204,250000,816000,0,0
0.45,706,500,206,250000,824000,0,0
0.46,707,500,207,250000,828000,0,0
0.47,704,500,204,250000,816000,0,0
0.48,704,500,204,250000,816000,0,0
0.49,706,500,206,250000,824000,0,0
0.5,709,500,209,250000,836000,0,0
0.51,706,500,206,250000,824000,0,0
0.52,704,500,204,250000,816000,0,0
0.53,705,500,205,250000,820000,0,0
0.54,707,500,207,250000,828000,0,0
0.55,706,500,206,250000,824000,0,0
0.56,704,500,204,250000,816000,0,0
0.57,706,500,206,250000,824000,0,0
0.58,707,500,207,250000,828000,0,0
0.59,705,500,205,250000,820000,0,0
0.6,703,500,203,250000,812000,0,0
0.61,706,500,206,250000,824000,0,0
0.62,707,500,207,250000,828000,0,0
0.63,705,500,205,250000,820000,0,0
0.64,704,500,204,250000,816000,0,0
0.65,705,500,205,250000,820000,0,0
0.66,707,500,207,250000,828000,0,0
0.67,704,500,204,250000,816000,0,0
0.68,703,500,203,250000,812000,0,0
0.69,704,500,204,250000,816000,0,0
0.7,706,500,206,250000,824000,0,0
0.71,704,500,204,250000,816000,0,0
0.72,703,500,203,250000,812000,0,0
0.73,704,500,204,250000,816000,0,0
0.74,706,500,206,250000,824000,0,0
0.75,706,500,206,250000,824000,0,0
0.76,701,500,201,250000,804000,0,0
0.77,704,500,204,250000,816000,0,0
0.78,706,500,206,250000,824000,0,0
0.79,704,500,204,250000,816000,0,0
0.8,702,500,202,250000,808000,0,0
0.81,704,500,204,250000,816000,0,0
0.82,706,500,206,250000,824000,0,0
0.83,704,500,204,250000,816000,0,0
0.84,702,500,202,250000,808000,0,0
0.85,703,500,203,250000,812000,0,0
0.86,705,500,205,250000,820000,0,0
0.87,705,500,205,250000,820000,0,0
0.88,703,500,203,250000,812000,0,0
0.89,704,500,204,250000,816000,0,0
0.9,706,500,206,250000,824000,0,0
0.91,706,500,206,250000,824000,0,0
0.92,702,500,202,250000,808000,0,0
0.93,704,500,204,250000,816000,0,0
0.94,705,500,205,250000,820000,0,0
0.95,705,500,205,250000,820000,0,0
0.96,704,500,204,250000,816000,0,0
0.97,704,500,204,250000,816000,0,0
0.98,706,500,206,250000,824000,0,0
0.99,705,500,205,250000,820000,0,0
1.0,702,500,202,250000,808000,0,0
1.01,703,500,203,250000,812000,0,0
1.02,705,500,205,250000,820000,0,0
1.03,705,500,205,250000,820000,0,0
1.04,696,500,196,250000,784000,0,0
1.05,703,500,203,250000,812000,0,0
1.06,705,500,205,250000,820000,0,0
1.07,706,500,206,250000,824000,0,0
1.08,703,500,203,250000,812000,0,0
1.09,706,500,206,250000,824000,0,0
1.1,706,500,206,250000,824000,0,0
1.11,706,500,206,250000,824000,0,0
1.12,704,500,204,250000,816000,0,0
1.13,703,500,203,250000,812000,0,0
1.14,705,500,205,250000,820000,0,0
1.15,706,500,206,250000,824000,0,0
1.16,704,500,204,250000,816000,0,0
1.17,703,500,203,250000,812000,0,0
1.18,701,500,201,250000,804000,0,0
1.19,705,500,205,250000,820000,0,0
1.2,704,500,204,250000,816000,0,0
1.21,703,500,203,250000,812000,0,0
1.22,705,500,205,250000,820000,0,0
1.23,706,500,206,250000,824000,0,0
1.24,704,500,204,250000,816000,0,0
1.25,702,500,202,250000,808000,0,0
1.26,706,500,206,250000,824000,0,0
1.27,701,500,201,250000,804000,0,0
1.28,704,500,204,250000,816000,0,0
1.29,702,500,202,250000,808000,0,0
1.3,705,500,205,250000,820000,0,0
1.31,708,500,208,250000,832000,0,0
1.32,704,500,204,250000,816000,0,0
1.33,703,500,203,250000,812000,0,0
1.34,704,500,204,250000,816000,0,0
1.35,706,500,206,250000,824000,0,0
1.36,705,500,205,250000,820000,0,0
1.37,704,500,204,250000,816000,0,0
1.38,705,500,205,250000,820000,0,0
1.39,706,500,206,250000,824000,0,0
1.4,704,500,204,250000,816000,0,0
1.41,703,500,203,250000,812000,0,0
1.42,704,500,204,250000,816000,0,0
1.43,706,500,206,250000,824000,0,0
1.44,705,500,205,250000,820000,0,0
1.45,700,500,200,250000,800000,0,0
1.46,704,500,204,250000,816000,0,0
1.47,706,500,206,250000,824000,0,0
1.48,704,500,204,250000,816000,0,0
1.49,703,500,203,250000,812000,0,0
1.5,704,500,204,250000,816000,0,0
1.51,706,500,206,250000,824000,0,0
1.52,704,500,204,250000,816000,0,0
1.53,703,500,203,250000,812000,0,0
1.54,704,500,204,250000,816000,0,0
1.55,706,500,206,250000,824000,0,0
1.56,710,500,210,250000,840000,0,0
1.57,703,500,203,250000,812000,0,0
1.58,704,500,204,250000,816000,0,0
1.59,706,500,206,250000,824000,0,0
1.6,705,500,205,250000,820000,0,0
1.61,704,500,204,250000,816000,0,0
1.62,704,500,204,250000,816000,0,0
1.63,706,500,206,250000,824000,0,0
1.64,704,500,204,250000,816000,0,0
1.65,704,500,204,250000,816000,0,0
1.66,703,500,203,250000,812000,0,0
1.67,706,500,206,250000,824000,0,0
1.68,707,500,207,250000,828000,0,0
1.69,704,500,204,250000,816000,0,0
1.7,705,500,205,250000,820000,0,0
1.71,709,500,209,250000,836000,0,0
1.72,708,500,208,250000,832000,0,0
1.73,703,500,203,250000,812000,0,0
1.74,705,500,205,250000,820000,0,0
1.75,706,500,206,250000,824000,0,0
1.76,706,500,206,250000,824000,0,0
1.77,704,500,204,250000,816000,0,0
1.78,704,500,204,250000,816000,0,0
1.79,706,500,206,250000,824000,0,0
1.8,706,500,206,250000,824000,0,0
1.81,704,500,204,250000,816000,0,0
1.82,704,500,204,250000,816000,0,0
1.83,706,500,206,250000,824000,0,0
1.84,713,500,213,250000,852000,0,0
1.85,704,500,204,250000,816000,0,0
1.86,703,500,203,250000,812000,0,0
1.87,706,500,206,250000,824000,0,0
1.88,707,500,207,250000,828000,0,0
1.89,705,500,205,250000,820000,0,0
1.9,704,500,204,250000,816000,0,0
1.91,706,500,206,250000,824000,0,0
1.92,706,500,206,250000,824000,0,0
1.93,704,500,204,250000,816000,0,0
1.94,704,500,204,250000,816000,0,0
1.95,704,500,204,250000,816000,0,0
1.96,706,500,206,250000,824000,0,0
1.97,704,500,204,250000,816000,0,0
1.98,704,500,204,250000,816000,0,0
1.99,705,500,205,250000,820000,0,0
2.0,707,500,207,250000,828000,0,0
2.01,704,500,204,250000,816000,0,0
2.02,704,500,204,250000,816000,0,0
2.03,705,500,205,250000,820000,0,0
2.04,706,500,206,250000,824000,0,0
2.05,705,500,205,250000,820000,0,0
2.06,704,500,204,250000,816000,0,0
2.07,704,500,204,250000,816000,0,0
2.08,707,500,207,250000,828000,0,0
2.09,705,500,205,250000,820000,0,0
2.1,704,500,204,250000,816000,0,0
2.11,704,500,204,250000,816000,0,0
2.12,706,500,206,250000,824000,0,0
2.13,706,500,206,250000,824000,0,0
2.14,704,500,204,250000,816000,0,0
2.15,706,500,206,250000,824000,0,0
2.16,707,500,207,250000,828000,0,0
2.17,705,500,205,250000,820000,0,0
2.18,704,500,204,250000,816000,0,0
2.19,705,500,205,250000,820000,0,0
2.2,707,500,207,250000,828000,0,0
2.21,706,500,206,250000,824000,0,0
2.22,704,500,204,250000,816000,0,0
2.23,705,500,205,250000,820000,0,0
2.24,706,500,206,250000,824000,0,0
2.25,706,500,206,250000,824000,0,0
2.26,704,500,204,250000,816000,0,0
2.27,705,500,205,250000,820000,0,0
2.28,706,500,206,250000,824000,0,0
2.29,706,500,206,250000,824000,0,0
2.3,704,500,204,250000,816000,0,0
2.31,704,500,204,250000,816000,0,0
2.32,707,500,207,250000,828000,0,0
2.33,706,500,206,250000,824000,0,0
2.34,704,500,204,250000,816000,0,0
2.35,704,500,204,250000,816000,0,0
2.36,706,500,206,250000,824000,0,0
2.37,707,500,207,250000,828000,0,0
2.38,704,500,204,250000,816000,0,0
2.39,704,500,204,250000,816000,0,0
2.4,707,500,207,250000,828000,0,0
2.41,707,500,207,250000,828000,0,0
2.42,704,500,204,250000,816000,0,0
2.43,704,500,204,250000,816000,0,0
2.44,706,500,206,250000,824000,0,0
2.45,706,500,206,250000,824000,0,0
2.46,704,500,204,250000,816000,0,0
2.47,704,500,204,250000,816000,0,0
2.48,707,500,207,250000,828000,0,0
2.49,705,500,205,250000,820000,0,0
2.5,704,500,204,250000,816000,0,0
2.51,704,500,204,250000,816000,0,0
2.52,706,500,206,250000,824000,0,0
2.53,706,500,206,250000,824000,0,0
2.54,704,500,204,250000,816000,0,0
2.55,702,500,202,250000,808000,0,0
2.56,706,500,206,250000,824000,0,0
2.57,706,500,206,250000,824000,0,0
2.58,706,500,206,250000,824000,0,0
2.59,704,500,204,250000,816000,0,0
2.6,706,500,206,250000,824000,0,0
2.61,707,500,207,250000,828000,0,0
2.62,703,500,203,250000,812000,0,0
2.63,704,500,204,250000,816000,0,0
2.64,705,500,205,250000,820000,0,0
2.65,706,500,206,250000,824000,0,0
2.66,704,500,204,250000,816000,0,0
2.67,701,500,201,250000,804000,0,0
2.68,704,500,204,250000,816000,0,0
2.69,705,500,205,250000,820000,0,0
2.7,704,500,204,250000,816000,0,0
2.71,701,500,201,250000,804000,0,0
2.72,703,500,203,250000,812000,0,0
2.73,706,500,206,250000,824000,0,0
2.74,704,500,204,250000,816000,0,0
2.75,703,500,203,250000,812000,0,0
2.76,704,500,204,250000,816000,0,0
2.77,706,500,206,250000,824000,0,0
2.78,704,500,204,250000,816000,0,0
2.79,703,500,203,250000,812000,0,0
2.8,704,500,204,250000,816000,0,0
2.81,706,500,206,250000,824000,0,0
2.82,704,500,204,250000,816000,0,0
2.83,703,500,203,250000,812000,0,0
2.84,704,500,204,250000,816000,0,0
2.85,706,500,206,250000,824000,0,0
2.86,701,500,201,250000,804000,0,0
2.87,702,500,202,250000,808000,0,0
2.88,704,500,204,250000,816000,0,0
2.89,706,500,206,250000,824000,0,0
2.9,701,500,201,250000,804000,0,0
2.91,703,500,203,250000,812000,0,0
2.92,704,500,204,250000,816000,0,0
2.93,706,500,206,250000,824000,0,0
2.94,704,500,204,250000,816000,0,0
2.95,704,500,204,250000,816000,0,0
2.96,704,500,204,250000,816000,0,0
2.97,706,500,206,250000,824000,0,0
2.98,706,500,206,250000,824000,0,0
2.99,702,500,202,250000,808000,0,0
3.0,703,500,203,250000,812000,0,0
3.01,706,500,206,250000,824000,0,0
3.02,704,500,204,250000,816000,0,0
3.03,704,500,204,250000,816000,0,0
3.04,703,500,203,250000,812000,0,0
3.05,706,500,206,250000,824000,0,0
3.06,707,500,207,250000,828000,0,0
3.07,703,500,203,250000,812000,0,0
3.08,702,500,202,250000,808000,0,0
3.09,705,500,205,250000,820000,0,0
3.1,705,500,205,250000,820000,0,0
3.11,703,500,203,250000,812000,0,0
3.12,704,500,204,250000,816000,0,0
3.13,704,500,204,250000,816000,0,0
3.14,705,500,205,250000,820000,0,0
3.15,703,500,203,250000,812000,0,0
3.16,703,500,203,250000,812000,0,0
3.17,706,500,206,250000,824000,0,0
3.18,705,500,205,250000,820000,0,0
3.19,703,500,203,250000,812000,0,0
3.2,703,500,203,250000,812000,0,0
3.21,705,500,205,250000,820000,0,0
3.22,706,500,206,250000,824000,0,0
3.23,704,500,204,250000,816000,0,0
3.24,702,500,202,250000,808000,0,0
3.25,704,500,204,250000,816000,0,0
3.26,706,500,206,250000,824000,0,0
3.27,703,500,203,250000,812000,0,0
3.28,703,500,203,250000,812000,0,0
3.29,705,500,205,250000,820000,0,0
3.3,706,500,206,250000,824000,0,0
3.31,704,500,204,250000,816000,0,0
3.32,702,500,202,250000,808000,0,0
3.33,705,500,205,250000,820000,0,0
3.34,705,500,205,250000,820000,0,0
3.35,704,500,204,250000,816000,0,0
3.36,704,500,204,250000,816000,0,0
3.37,704,500,204,250000,816000,0,0
3.38,706,500,206,250000,824000,0,0
3.39,705,500,205,250000,820000,0,0
3.4,703,500,203,250000,812000,0,0
3.41,705,500,205,250000,820000,0,0
3.42,706,500,206,250000,824000,0,0
3.43,704,500,204,250000,816000,0,0
3.44,702,500,202,250000,808000,0,0
3.45,704,500,204,250000,816000,0,0
3.46,706,500,206,250000,824000,0,0
3.47,704,500,204,250000,816000,0,0
3.48,706,500,206,250000,824000,0,0
3.49,704,500,204,250000,816000,0,0
3.5,705,500,205,250000,820000,0,0
3.51,704,500,204,250000,816000,0,0
3.52,702,500,202,250000,808000,0,0
3.53,704,500,204,250000,816000,0,0
3.54,701,500,201,250000,804000,0,0
3.55,705,500,205,250000,820000,0,0
3.56,702,500,202,250000,808000,0,0
3.57,704,500,204,250000,816000,0,0
3.58,706,500,206,250000,824000,0,0
3.59,704,500,204,250000,816000,0,0
3.6,702,500,202,250000,808000,0,0
3.61,704,500,204,250000,816000,0,0
3.62,706,500,206,250000,824000,0,0
3.63,704,500,204,250000,816000,0,0
3.64,702,500,202,250000,808000,0,0
3.65,704,500,204,250000,816000,0,0
3.66,706,500,206,250000,824000,0,0
3.67,706,500,206,250000,824000,0,0
3.68,704,500,204,250000,816000,0,0
3.69,704,500,204,250000,816000,0,0
3.7,706,500,206,250000,824000,0,0
3.71,706,500,206,250000,824000,0,0
3.72,704,500,204,250000,816000,0,0
3.73,706,500,206,250000,824000,0,0
3.74,707,500,207,250000,828000,0,0
3.75,707,500,207,250000,828000,0,0
3.76,704,500,204,250000,816000,0,0
3.77,704,500,204,250000,816000,0,0
3.78,706,500,206,250000,824000,0,0
3.79,706,500,206,250000,824000,0,0
3.8,704,500,204,250000,816000,0,0
3.81,704,500,204,250000,816000,0,0
3.82,706,500,206,250000,824000,0,0
3.83,707,500,207,250000,828000,0,0
3.84,704,500,204,250000,816000,0,0
3.85,704,500,204,250000,816000,0,0
3.86,707,500,207,250000,828000,0,0
3.87,707,500,207,250000,828000,0,0
3.88,704,500,204,250000,816000,0,0
3.89,704,500,204,250000,816000,0,0
3.9,706,500,206,250000,824000,0,0
3.91,707,500,207,250000,828000,0,0
3.92,706,500,206,250000,824000,0,0
3.93,704,500,204,250000,816000,0,0
3.94,706,500,206,250000,824000,0,0
3.95,706,500,206,250000,824000,0,0
3.96,705,500,205,250000,820000,0,0
3.97,704,500,204,250000,816000,0,0
3.98,706,500,206,250000,824000,0,0
3.99,706,500,206,250000,824000,0,0
4.0,705,500,205,250000,820000,0,0
4.01,704,500,204,250000,816000,0,0
4.02,706,500,206,250000,824000,0,0
4.03,707,500,207,250000,828000,0,0
4.04,704,500,204,250000,816000,0,0
4.05,704,500,204,250000,816000,0,0
4.06,706,500,206,250000,824000,0,0
4.07,707,500,207,250000,828000,0,0
4.08,705,500,205,250000,820000,0,0
4.09,704,500,204,250000,816000,0,0
4.1,706,500,206,250000,824000,0,0
4.11,707,500,207,250000,828000,0,0
4.12,705,500,205,250000,820000,0,0
4.13,704,500,204,250000,816000,0,0
4.14,704,500,204,250000,816000,0,0
4.15,706,500,206,250000,824000,0,0
4.16,705,500,205,250000,820000,0,0
4.17,703,500,203,250000,812000,0,0
4.18,705,500,205,250000,820000,0,0
4.19,707,500,207,250000,828000,0,0
4.2,706,500,206,250000,824000,0,0
4.21,704,500,204,250000,816000,0,0
4.22,704,500,204,250000,816000,0,0
4.23,707,500,207,250000,828000,0,0
4.24,705,500,205,250000,820000,0,0
4.25,704,500,204,250000,816000,0,0
4.26,705,500,205,250000,820000,0,0
4.27,707,500,207,250000,828000,0,0
4.28,706,500,206,250000,824000,0,0
4.29,704,500,204,250000,816000,0,0
4.3,704,500,204,250000,816000,0,0
4.31,707,500,207,250000,828000,0,0
4.32,706,500,206,250000,824000,0,0
4.33,704,500,204,250000,816000,0,0
4.34,704,500,204,250000,816000,0,0
4.35,706,500,206,250000,824000,0,0
4.36,706,500,206,250000,824000,0,0
4.37,704,500,204,250000,816000,0,0
4.38,704,500,204,250000,816000,0,0
4.39,707,500,207,250000,828000,0,0
4.4,706,500,206,250000,824000,0,0
4.41,704,500,204,250000,816000,0,0
4.42,704,500,204,250000,816000,0,0
4.43,706,500,206,250000,824000,0,0
4.44,705,500,205,250000,820000,0,0
4.45,704,500,204,250000,816000,0,0
4.46,705,500,205,250000,820000,0,0
4.47,706,500,206,250000,824000,0,0
4.48,706,500,206,250000,824000,0,0
4.49,704,500,204,250000,816000,0,0
4.5,705,500,205,250000,820000,0,0
4.51,706,500,206,250000,824000,0,0
4.52,706,500,206,250000,824000,0,0
4.53,704,500,204,250000,816000,0,0
4.54,704,500,204,250000,816000,0,0
4.55,707,500,207,250000,828000,0,0
4.56,707,500,207,250000,828000,0,0
4.57,704,500,204,250000,816000,0,0
4.58,704,500,204,250000,816000,0,0
4.59,706,500,206,250000,824000,0,0
4.6,704,500,204,250000,816000,0,0
4.61,704,500,204,250000,816000,0,0
4.62,704,500,204,250000,816000,0,0
4.63,706,500,206,250000,824000,0,0
4.64,706,500,206,250000,824000,0,0
4.65,704,500,204,250000,816000,0,0
4.66,704,500,204,250000,816000,0,0
4.67,706,500,206,250000,824000,0,0
4.68,706,500,206,250000,824000,0,0
4.69,704,500,204,250000,816000,0,0
4.7,703,500,203,250000,812000,0,0
4.71,706,500,206,250000,824000,0,0
4.72,706,500,206,250000,824000,0,0
4.73,704,500,204,250000,816000,0,0
4.74,703,500,203,250000,812000,0,0
4.75,704,500,204,250000,816000,0,0
4.76,706,500,206,250000,824000,0,0
4.77,703,500,203,250000,812000,0,0
4.78,701,500,201,250000,804000,0,0
4.79,704,500,204,250000,816000,0,0
4.8,705,500,205,250000,820000,0,0
4.81,704,500,204,250000,816000,0,0
4.82,702,500,202,250000,808000,0,0
4.83,704,500,204,250000,816000,0,0
4.84,706,500,206,250000,824000,0,0
4.85,704,500,204,250000,816000,0,0
4.86,703,500,203,250000,812000,0,0
4.87,704,500,204,250000,816000,0,0
4.88,706,500,206,250000,824000,0,0
4.89,704,500,204,250000,816000,0,0
4.9,703,500,203,250000,812000,0,0
4.91,704,500,204,250000,816000,0,0
4.92,706,500,206,250000,824000,0,0
4.93,704,500,204,250000,816000,0,0
4.94,702,500,202,250000,808000,0,0
4.95,704,500,204,250000,816000,0,0
4.96,705,500,205,250000,820000,0,0
4.97,704,500,204,250000,816000,0,0
4.98,702,500,202,250000,808000,0,0
4.99,703,500,203,250000,812000,0,0
5.0,706,500,206,250000,824000,0,0
5.01,706,500,206,250000,824000,0,0
5.02,703,500,203,250000,812000,0,0
5.03,703,500,203,250000,812000,0,0
5.04,706,500,206,250000,824000,0,0
5.05,705,500,205,250000,820000,0,0
5.06,702,500,202,250000,808000,0,0
5.07,704,500,204,250000,816000,0,0
5.08,706,500,206,250000,824000,0,0
5.09,704,500,204,250000,816000,0,0
5.1,703,500,203,250000,812000,0,0
5.11,704,500,204,250000,816000,0,0
5.12,705,500,205,250000,820000,0,0
5.13,704,500,204,250000,816000,0,0
5.14,703,500,203,250000,812000,0,0
5.15,704,500,204,250000,816000,0,0
5.16,706,500,206,250000,824000,0,0
5.17,706,500,206,250000,824000,0,0
5.18,702,500,202,250000,808000,0,0
5.19,704,500,204,250000,816000,0,0
5.2,706,500,206,250000,824000,0,0
5.21,704,500,204,250000,816000,0,0
5.22,703,500,203,250000,812000,0,0
5.23,703,500,203,250000,812000,0,0
5.24,705,500,205,250000,820000,0,0
5.25,706,500,206,250000,824000,0,0
5.26,704,500,204,250000,816000,0,0
5.27,702,500,202,250000,808000,0,0
5.28,705,500,205,250000,820000,0,0
5.29,704,500,204,250000,816000,0,0
5.3,704,500,204,250000,816000,0,0
5.31,704,500,204,250000,816000,0,0
5.32,705,500,205,250000,820000,0,0
5.33,706,500,206,250000,824000,0,0
5.34,704,500,204,250000,816000,0,0
5.35,705,500,205,250000,820000,0,0
5.36,706,500,206,250000,824000,0,0
5.37,707,500,207,250000,828000,0,0
5.38,703,500,203,250000,812000,0,0
5.39,703,500,203,250000,812000,0,0
5.4,705,500,205,250000,820000,0,0
5.41,706,500,206,250000,824000,0,0
5.42,704,500,204,250000,816000,0,0
5.43,701,500,201,250000,804000,0,0
5.44,705,500,205,250000,820000,0,0
5.45,706,500,206,250000,824000,0,0
5.46,709,500,209,250000,836000,0,0
5.47,704,500,204,250000,816000,0,0
5.48,705,500,205,250000,820000,0,0
5.49,706,500,206,250000,824000,0,0
5.5,704,500,204,250000,816000,0,0
5.51,704,500,204,250000,816000,0,0
5.52,704,500,204,250000,816000,0,0
5.53,706,500,206,250000,824000,0,0
5.54,704,500,204,250000,816000,0,0
5.55,701,500,201,250000,804000,0,0
5.56,704,500,204,250000,816000,0,0
5.57,706,500,206,250000,824000,0,0
5.58,704,500,204,250000,816000,0,0
5.59,701,500,201,250000,804000,0,0
5.6,704,500,204,250000,816000,0,0
5.61,707,500,207,250000,828000,0,0
5.62,704,500,204,250000,816000,0,0
5.63,703,500,203,250000,812000,0,0
5.64,704,500,204,250000,816000,0,0
5.65,706,500,206,250000,824000,0,0
5.66,704,500,204,250000,816000,0,0
5.67,704,500,204,250000,816000,0,0
5.68,704,500,204,250000,816000,0,0
5.69,707,500,207,250000,828000,0,0
5.7,706,500,206,250000,824000,0,0
5.71,704,500,204,250000,816000,0,0
5.72,706,500,206,250000,824000,0,0
5.73,707,500,207,250000,828000,0,0
5.74,705,500,205,250000,820000,0,0
5.75,703,500,203,250000,812000,0,0
5.76,705,500,205,250000,820000,0,0
5.77,706,500,206,250000,824000,0,0
5.78,707,500,207,250000,828000,0,0
5.79,704,500,204,250000,816000,0,0
5.8,704,500,204,250000,816000,0,0
5.81,707,500,207,250000,828000,0,0
5.82,706,500,206,250000,824000,0,0
5.83,704,500,204,250000,816000,0,0
5.84,699,500,199,250000,796000,0,0
5.85,706,500,206,250000,824000,0,0
5.86,706,500,206,250000,824000,0,0
5.87,704,500,204,250000,816000,0,0
5.88,704,500,204,250000,816000,0,0
5.89,706,500,206,250000,824000,0,0
5.9,706,500,206,250000,824000,0,0
5.91,704,500,204,250000,816000,0,0
5.92,704,500,204,250000,816000,0,0
5.93,706,500,206,250000,824000,0,0
5.94,707,500,207,250000,828000,0,0
5.95,704,500,204,250000,816000,0,0
5.96,704,500,204,250000,816000,0,0
5.97,706,500,206,250000,824000,0,0
5.98,709,500,209,250000,836000,0,0
5.99,704,500,204,250000,816000,0,0
6.0,704,500,204,250000,816000,0,0
6.01,706,500,206,250000,824000,0,0
6.02,707,500,207,250000,828000,0,0
6.03,704,500,204,250000,816000,0,0
6.04,704,500,204,250000,816000,0,0
6.05,706,500,206,250000,824000,0,0
6.06,707,500,207,250000,828000,0,0
6.07,705,500,205,250000,820000,0,0
6.08,704,500,204,250000,816000,0,0
6.09,706,500,206,250000,824000,0,0
6.1,707,500,207,250000,828000,0,0
6.11,706,500,206,250000,824000,0,0
6.12,704,500,204,250000,816000,0,0
6.13,706,500,206,250000,824000,0,0
6.14,708,500,208,250000,832000,0,0
6.15,705,500,205,250000,820000,0,0
6.16,704,500,204,250000,816000,0,0
6.17,706,500,206,250000,824000,0,0
6.18,704,500,204,250000,816000,0,0
6.19,703,500,203,250000,812000,0,0
6.2,704,500,204,250000,816000,0,0
6.21,706,500,206,250000,824000,0,0
6.22,707,500,207,250000,828000,0,0
6.23,705,500,205,250000,820000,0,0
6.24,704,500,204,250000,816000,0,0
6.25,706,500,206,250000,824000,0,0
6.26,707,500,207,250000,828000,0,0
6.27,705,500,205,250000,820000,0,0
6.28,704,500,204,250000,816000,0,0
6.29,705,500,205,250000,820000,0,0
6.3,707,500,207,250000,828000,0,0
6.31,706,500,206,250000,824000,0,0
6.32,704,500,204,250000,816000,0,0
6.33,705,500,205,250000,820000,0,0
6.34,708,500,208,250000,832000,0,0
6.35,706,500,206,250000,824000,0,0
6.36,704,500,204,250000,816000,0,0
6.37,706,500,206,250000,824000,0,0
6.38,707,500,207,250000,828000,0,0
6.39,706,500,206,250000,824000,0,0
6.4,704,500,204,250000,816000,0,0
6.41,706,500,206,250000,824000,0,0
6.42,707,500,207,250000,828000,0,0
6.43,705,500,205,250000,820000,0,0
6.44,704,500,204,250000,816000,0,0
6.45,705,500,205,250000,820000,0,0
6.46,709,500,209,250000,836000,0,0
6.47,706,500,206,250000,824000,0,0
6.48,704,500,204,250000,816000,0,0
6.49,704,500,204,250000,816000,0,0
6.5,707,500,207,250000,828000,0,0
6.51,707,500,207,250000,828000,0,0
6.52,704,500,204,250000,816000,0,0
6.53,704,500,204,250000,816000,0,0
6.54,706,500,206,250000,824000,0,0
6.55,706,500,206,250000,824000,0,0
6.56,704,500,204,250000,816000,0,0
6.57,704,500,204,250000,816000,0,0
6.58,706,500,206,250000,824000,0,0
6.59,706,500,206,250000,824000,0,0
6.6,704,500,204,250000,816000,0,0
6.61,704,500,204,250000,816000,0,0
6.62,707,500,207,250000,828000,0,0
6.63,706,500,206,250000,824000,0,0
6.64,704,500,204,250000,816000,0,0
6.65,704,500,204,250000,816000,0,0
6.66,707,500,207,250000,828000,0,0
6.67,705,500,205,250000,820000,0,0
6.68,704,500,204,250000,816000,0,0
6.69,704,500,204,250000,816000,0,0
6.7,705,500,205,250000,820000,0,0
6.71,706,500,206,250000,824000,0,0
6.72,703,500,203,250000,812000,0,0
6.73,702,500,202,250000,808000,0,0
6.74,704,500,204,250000,816000,0,0
6.75,706,500,206,250000,824000,0,0
6.76,704,500,204,250000,816000,0,0
6.77,703,500,203,250000,812000,0,0
6.78,705,500,205,250000,820000,0,0
6.79,706,500,206,250000,824000,0,0
6.8,704,500,204,250000,816000,0,0
6.81,704,500,204,250000,816000,0,0
6.82,704,500,204,250000,816000,0,0
6.83,706,500,206,250000,824000,0,0
6.84,703,500,203,250000,812000,0,0
6.85,703,500,203,250000,812000,0,0
6.86,704,500,204,250000,816000,0,0
6.87,705,500,205,250000,820000,0,0
6.88,704,500,204,250000,816000,0,0
6.89,702,500,202,250000,808000,0,0
6.9,704,500,204,250000,816000,0,0
6.91,706,500,206,250000,824000,0,0
6.92,704,500,204,250000,816000,0,0
6.93,703,500,203,250000,812000,0,0
6.94,704,500,204,250000,816000,0,0
6.95,706,500,206,250000,824000,0,0
6.96,704,500,204,250000,816000,0,0
6.97,703,500,203,250000,812000,0,0
6.98,704,500,204,250000,816000,0,0
6.99,706,500,206,250000,824000,0,0
7.0,704,500,204,250000,816000,0,0
7.01,702,500,202,250000,808000,0,0
7.02,704,500,204,250000,816000,0,0
7.03,706,500,206,250000,824000,0,0
7.04,704,500,204,250000,816000,0,0
7.05,701,500,201,250000,804000,0,0
7.06,704,500,204,250000,816000,0,0
7.07,706,500,206,250000,824000,0,0
7.08,704,500,204,250000,816000,0,0
7.09,703,500,203,250000,812000,0,0
7.1,704,500,204,250000,816000,0,0
7.11,707,500,207,250000,828000,0,0
7.12,704,500,204,250000,816000,0,0
7.13,703,500,203,250000,812000,0,0
7.14,704,500,204,250000,816000,0,0
7.15,702,500,202,250000,808000,0,0
7.16,704,500,204,250000,816000,0,0
7.17,702,500,202,250000,808000,0,0
7.18,703,500,203,250000,812000,0,0
7.19,706,500,206,250000,824000,0,0
7.2,704,500,204,250000,816000,0,0
7.21,703,500,203,250000,812000,0,0
7.22,703,500,203,250000,812000,0,0
7.23,707,500,207,250000,828000,0,0
7.24,705,500,205,250000,820000,0,0
7.25,703,500,203,250000,812000,0,0
7.26,704,500,204,250000,816000,0,0
7.27,706,500,206,250000,824000,0,0
7.28,705,500,205,250000,820000,0,0
7.29,704,500,204,250000,816000,0,0
7.3,702,500,202,250000,808000,0,0
7.31,706,500,206,250000,824000,0,0
7.32,704,500,204,250000,816000,0,0
7.33,703,500,203,250000,812000,0,0
7.34,703,500,203,250000,812000,0,0
7.35,705,500,205,250000,820000,0,0
7.36,706,500,206,250000,824000,0,0
7.37,704,500,204,250000,816000,0,0
7.38,703,500,203,250000,812000,0,0
7.39,705,500,205,250000,820000,0,0
7.4,705,500,205,250000,820000,0,0
7.41,703,500,203,250000,812000,0,0
7.42,703,500,203,250000,812000,0,0
7.43,706,500,206,250000,824000,0,0
7.44,705,500,205,250000,820000,0,0
7.45,704,500,204,250000,816000,0,0
7.46,702,500,202,250000,808000,0,0
7.47,705,500,205,250000,820000,0,0
7.48,706,500,206,250000,824000,0,0
7.49,703,500,203,250000,812000,0,0
7.5,703,500,203,250000,812000,0,0
7.51,705,500,205,250000,820000,0,0
7.52,706,500,206,250000,824000,0,0
7.53,704,500,204,250000,816000,0,0
7.54,703,500,203,250000,812000,0,0
7.55,705,500,205,250000,820000,0,0
7.56,705,500,205,250000,820000,0,0
7.57,704,500,204,250000,816000,0,0
7.58,704,500,204,250000,816000,0,0
7.59,704,500,204,250000,816000,0,0
7.6,706,500,206,250000,824000,0,0
7.61,704,500,204,250000,816000,0,0
7.62,703,500,203,250000,812000,0,0
7.63,704,500,204,250000,816000,0,0
7.64,706,500,206,250000,824000,0,0
7.65,704,500,204,250000,816000,0,0
7.66,704,500,204,250000,816000,0,0
7.67,706,500,206,250000,824000,0,0
7.68,708,500,208,250000,832000,0,0
7.69,705,500,205,250000,820000,0,0
7.7,704,500,204,250000,816000,0,0
7.71,705,500,205,250000,820000,0,0
7.72,706,500,206,250000,824000,0,0
7.73,706,500,206,250000,824000,0,0
7.74,704,500,204,250000,816000,0,0
7.75,706,500,206,250000,824000,0,0
7.76,707,500,207,250000,828000,0,0
7.77,705,500,205,250000,820000,0,0
7.78,704,500,204,250000,816000,0,0
7.79,705,500,205,250000,820000,0,0
7.8,707,500,207,250000,828000,0,0
7.81,706,500,206,250000,824000,0,0
7.82,704,500,204,250000,816000,0,0
7.83,705,500,205,250000,820000,0,0
7.84,707,500,207,250000,828000,0,0
7.85,707,500,207,250000,828000,0,0
7.86,704,500,204,250000,816000,0,0
7.87,705,500,205,250000,820000,0,0
7.88,706,500,206,250000,824000,0,0
7.89,706,500,206,250000,824000,0,0
7.9,704,500,204,250000,816000,0,0
7.91,705,500,205,250000,820000,0,0
7.92,707,500,207,250000,828000,0,0
7.93,707,500,207,250000,828000,0,0
7.94,705,500,205,250000,820000,0,0
7.95,704,500,204,250000,816000,0,0
7.96,706,500,206,250000,824000,0,0
7.97,706,500,206,250000,824000,0,0
7.98,704,500,204,250000,816000,0,0
7.99,704,500,204,250000,816000,0,0
8.0,707,500,207,250000,828000,0,0
8.01,706,500,206,250000,824000,0,0
8.02,704,500,204,250000,816000,0,0
8.03,704,500,204,250000,816000,0,0
8.04,706,500,206,250000,824000,0,0
8.05,706,500,206,250000,824000,0,0
8.06,704,500,204,250000,816000,0,0
8.07,704,500,204,250000,816000,0,0
8.08,706,500,206,250000,824000,0,0
8.09,707,500,207,250000,828000,0,0
8.1,705,500,205,250000,820000,0,0
8.11,703,500,203,250000,812000,0,0
8.12,706,500,206,250000,824000,0,0
8.13,706,500,206,250000,824000,0,0
8.14,704,500,204,250000,816000,0,0
8.15,704,500,204,250000,816000,0,0
8.16,706,500,206,250000,824000,0,0
8.17,706,500,206,250000,824000,0,0
8.18,704,500,204,250000,816000,0,0
8.19,704,500,204,250000,816000,0,0
8.2,706,500,206,250000,824000,0,0
8.21,708,500,208,250000,832000,0,0
8.22,704,500,204,250000,816000,0,0
8.23,704,500,204,250000,816000,0,0
8.24,706,500,206,250000,824000,0,0
8.25,707,500,207,250000,828000,0,0
8.26,704,500,204,250000,816000,0,0
8.27,704,500,204,250000,816000,0,0
8.28,706,500,206,250000,824000,0,0
8.29,707,500,207,250000,828000,0,0
8.3,706,500,206,250000,824000,0,0
8.31,704,500,204,250000,816000,0,0
8.32,704,500,204,250000,816000,0,0
8.33,707,500,207,250000,828000,0,0
8.34,704,500,204,250000,816000,0,0
8.35,704,500,204,250000,816000,0,0
8.36,706,500,206,250000,824000,0,0
8.37,707,500,207,250000,828000,0,0
8.38,706,500,206,250000,824000,0,0
8.39,704,500,204,250000,816000,0,0
8.4,706,500,206,250000,824000,0,0
8.41,707,500,207,250000,828000,0,0
8.42,705,500,205,250000,820000,0,0
8.43,704,500,204,250000,816000,0,0
8.44,706,500,206,250000,824000,0,0
8.45,707,500,207,250000,828000,0,0
8.46,706,500,206,250000,824000,0,0
8.47,704,500,204,250000,816000,0,0
8.48,705,500,205,250000,820000,0,0
8.49,707,500,207,250000,828000,0,0
8.5,706,500,206,250000,824000,0,0
8.51,703,500,203,250000,812000,0,0
8.52,704,500,204,250000,816000,0,0
8.53,707,500,207,250000,828000,0,0
8.54,706,500,206,250000,824000,0,0
8.55,704,500,204,250000,816000,0,0
8.56,705,500,205,250000,820000,0,0
8.57,707,500,207,250000,828000,0,0
8.58,706,500,206,250000,824000,0,0
8.59,704,500,204,250000,816000,0,0
8.6,705,500,205,250000,820000,0,0
8.61,707,500,207,250000,828000,0,0
8.62,706,500,206,250000,824000,0,0
8.63,704,500,204,250000,816000,0,0
8.64,704,500,204,250000,816000,0,0
8.65,707,500,207,250000,828000,0,0
8.66,707,500,207,250000,828000,0,0
8.67,702,500,202,250000,808000,0,0
8.68,703,500,203,250000,812000,0,0
8.69,705,500,205,250000,820000,0,0
8.7,706,500,206,250000,824000,0,0
8.71,703,500,203,250000,812000,0,0
8.72,703,500,203,250000,812000,0,0
8.73,706,500,206,250000,824000,0,0
8.74,706,500,206,250000,824000,0,0
8.75,701,500,201,250000,804000,0,0
8.76,703,500,203,250000,812000,0,0
8.77,704,500,204,250000,816000,0,0
8.78,706,500,206,250000,824000,0,0
8.79,704,500,204,250000,816000,0,0
8.8,703,500,203,250000,812000,0,0
8.81,705,500,205,250000,820000,0,0
8.82,705,500,205,250000,820000,0,0
8.83,704,500,204,250000,816000,0,0
8.84,703,500,203,250000,812000,0,0
8.85,706,500,206,250000,824000,0,0
8.86,706,500,206,250000,824000,0,0
8.87,703,500,203,250000,812000,0,0
8.88,702,500,202,250000,808000,0,0
8.89,705,500,205,250000,820000,0,0
8.9,706,500,206,250000,824000,0,0
8.91,704,500,204,250000,816000,0,0
8.92,703,500,203,250000,812000,0,0
8.93,706,500,206,250000,824000,0,0
8.94,706,500,206,250000,824000,0,0
8.95,704,500,204,250000,816000,0,0
8.96,703,500,203,250000,812000,0,0
8.97,704,500,204,250000,816000,0,0
8.98,706,500,206,250000,824000,0,0
8.99,704,500,204,250000,816000,0,0
9.0,703,500,203,250000,812000,0,0
9.01,704,500,204,250000,816000,0,0
9.02,706,500,206,250000,824000,0,0
9.03,705,500,205,250000,820000,0,0
9.04,702,500,202,250000,808000,0,0
9.05,704,500,204,250000,816000,0,0
9.06,706,500,206,250000,824000,0,0
9.07,704,500,204,250000,816000,0,0
9.08,702,500,202,250000,808000,0,0
9.09,704,500,204,250000,816000,0,0
9.1,706,500,206,250000,824000,0,0
9.11,704,500,204,250000,816000,0,0
9.12,702,500,202,250000,808000,0,0
9.13,704,500,204,250000,816000,0,0
9.14,706,500,206,250000,824000,0,0
9.15,704,500,204,250000,816000,0,0
9.16,704,500,204,250000,816000,0,0
9.17,704,500,204,250000,816000,0,0
9.18,706,500,206,250000,824000,0,0
9.19,705,500,205,250000,820000,0,0
9.2,704,500,204,250000,816000,0,0
9.21,704,500,204,250000,816000,0,0
9.22,706,500,206,250000,824000,0,0
9.23,704,500,204,250000,816000,0,0
9.24,701,500,201,250000,804000,0,0
9.25,704,500,204,250000,816000,0,0
9.26,706,500,206,250000,824000,0,0
9.27,704,500,204,250000,816000,0,0
9.28,703,500,203,250000,812000,0,0
9.29,703,500,203,250000,812000,0,0
9.3,707,500,207,250000,828000,0,0
9.31,706,500,206,250000,824000,0,0
9.32,703,500,203,250000,812000,0,0
9.33,704,500,204,250000,816000,0,0
9.34,706,500,206,250000,824000,0,0
9.35,704,500,204,250000,816000,0,0
9.36,704,500,204,250000,816000,0,0
9.37,704,500,204,250000,816000,0,0
9.38,706,500,206,250000,824000,0,0
9.39,704,500,204,250000,816000,0,0
9.4,704,500,204,250000,816000,0,0
9.41,704,500,204,250000,816000,0,0
9.42,706,500,206,250000,824000,0,0
9.43,706,500,206,250000,824000,0,0
9.44,703,500,203,250000,812000,0,0
9.45,703,500,203,250000,812000,0,0
9.46,706,500,206,250000,824000,0,0
9.47,706,500,206,250000,824000,0,0
9.48,703,500,203,250000,812000,0,0
9.49,703,500,203,250000,812000,0,0
9.5,705,500,205,250000,820000,0,0
9.51,706,500,206,250000,824000,0,0
9.52,703,500,203,250000,812000,0,0
9.53,702,500,202,250000,808000,0,0
9.54,706,500,206,250000,824000,0,0
9.55,704,500,204,250000,816000,0,0
9.56,704,500,204,250000,816000,0,0
9.57,703,500,203,250000,812000,0,0
9.58,706,500,206,250000,824000,0,0
9.59,706,500,206,250000,824000,0,0
9.6,704,500,204,250000,816000,0,0
9.61,704,500,204,250000,816000,0,0
9.62,706,500,206,250000,824000,0,0
9.63,706,500,206,250000,824000,0,0
9.64,704,500,204,250000,816000,0,0
9.65,703,500,203,250000,812000,0,0
9.66,706,500,206,250000,824000,0,0
9.67,708,500,208,250000,832000,0,0
9.68,705,500,205,250000,820000,0,0
9.69,704,500,204,250000,816000,0,0
9.7,705,500,205,250000,820000,0,0
9.71,707,500,207,250000,828000,0,0
9.72,705,500,205,250000,820000,0,0
9.73,704,500,204,250000,816000,0,0
9.74,704,500,204,250000,816000,0,0
9.75,706,500,206,250000,824000,0,0
9.76,706,500,206,250000,824000,0,0
9.77,704,500,204,250000,816000,0,0
9.78,706,500,206,250000,824000,0,0
9.79,707,500,207,250000,828000,0,0
9.8,705,500,205,250000,820000,0,0
9.81,704,500,204,250000,816000,0,0
9.82,706,500,206,250000,824000,0,0
9.83,706,500,206,250000,824000,0,0
9.84,705,500,205,250000,820000,0,0
9.85,703,500,203,250000,812000,0,0
9.86,705,500,205,250000,820000,0,0
9.87,706,500,206,250000,824000,0,0
9.88,705,500,205,250000,820000,0,0
9.89,704,500,204,250000,816000,0,0
9.9,705,500,205,250000,820000,0,0
9.91,707,500,207,250000,828000,0,0
9.92,706,500,206,250000,824000,0,0
9.93,704,500,204,250000,816000,0,0
9.94,704,500,204,250000,816000,0,0
9.95,706,500,206,250000,824000,0,0
9.96,706,500,206,250000,824000,0,0
9.97,703,500,203,250000,812000,0,0
9.98,705,500,205,250000,820000,0,0
9.99,706,500,206,250000,824000,0,0
10.0,707,500,207,250000,828000,0,0
10.01,704,500,204,250000,816000,0,0
10.02,704,500,204,250000,816000,0,0
10.03,706,500,206,250000,824000,0,0
10.04,706,500,206,250000,824000,0,0
10.05,704,500,204,250000,816000,0,0
10.06,704,500,204,250000,816000,0,0
10.07,707,500,207,250000,828000,0,0
10.08,706,500,206,250000,824000,0,0
10.09,704,500,204,250000,816000,0,0
10.1,703,500,203,250000,812000,0,0
10.11,707,500,207,250000,828000,0,0
10.12,707,500,207,250000,828000,0,0
10.13,704,500,204,250000,816000,0,0
10.14,704,500,204,250000,816000,0,0
10.15,706,500,206,250000,824000,0,0
10.16,707,500,207,250000,828000,0,0
10.17,705,500,205,250000,820000,0,0
10.18,704,500,204,250000,816000,0,0
10.19,706,500,206,250000,824000,0,0
10.2,706,500,206,250000,824000,0,0
10.21,705,500,205,250000,820000,0,0
10.22,704,500,204,250000,816000,0,0
10.23,706,500,206,250000,824000,0,0
10.24,706,500,206,250000,824000,0,0
10.25,704,500,204,250000,816000,0,0
10.26,704,500,204,250000,816000,0,0
10.27,706,500,206,250000,824000,0,0
10.28,707,500,207,250000,828000,0,0
10.29,704,500,204,250000,816000,0,0
10.3,704,500,204,250000,816000,0,0
10.31,706,500,206,250000,824000,0,0
10.32,707,500,207,250000,828000,0,0
10.33,705,500,205,250000,820000,0,0
10.34,704,500,204,250000,816000,0,0
10.35,706,500,206,250000,824000,0,0
10.36,708,500,208,250000,832000,0,0
10.37,704,500,204,250000,816000,0,0
10.38,704,500,204,250000,816000,0,0
10.39,706,500,206,250000,824000,0,0
10.4,707,500,207,250000,828000,0,0
10.41,705,500,205,250000,820000,0,0
10.42,704,500,204,250000,816000,0,0
10.43,706,500,206,250000,824000,0,0
10.44,706,500,206,250000,824000,0,0
10.45,704,500,204,250000,816000,0,0
10.46,704,500,204,250000,816000,0,0
10.47,704,500,204,250000,816000,0,0
10.48,707,500,207,250000,828000,0,0
10.49,706,500,206,250000,824000,0,0
10.5,703,500,203,250000,812000,0,0
10.51,706,500,206,250000,824000,0,0
10.52,706,500,206,250000,824000,0,0
10.53,706,500,206,250000,824000,0,0
10.54,704,500,204,250000,816000,0,0
10.55,706,500,206,250000,824000,0,0
10.56,709,500,209,250000,836000,0,0
10.57,705,500,205,250000,820000,0,0
10.58,704,500,204,250000,816000,0,0
10.59,705,500,205,250000,820000,0,0
10.6,707,500,207,250000,828000,0,0
10.61,706,500,206,250000,824000,0,0
10.62,704,500,204,250000,816000,0,0
10.63,704,500,204,250000,816000,0,0
10.64,707,500,207,250000,828000,0,0
10.65,707,500,207,250000,828000,0,0
10.66,704,500,204,250000,816000,0,0
10.67,703,500,203,250000,812000,0,0
10.68,706,500,206,250000,824000,0,0
10.69,702,500,202,250000,808000,0,0
10.7,701,500,201,250000,804000,0,0
10.71,704,500,204,250000,816000,0,0
10.72,698,500,198,250000,792000,0,0
10.73,706,500,206,250000,824000,0,0
10.74,698,500,198,250000,792000,0,0
10.75,703,500,203,250000,812000,0,0
10.76,706,500,206,250000,824000,0,0
10.77,705,500,205,250000,820000,0,0
10.78,703,500,203,250000,812000,0,0
10.79,703,500,203,250000,812000,0,0
10.8,706,500,206,250000,824000,0,0
10.81,705,500,205,250000,820000,0,0
10.82,703,500,203,250000,812000,0,0
10.83,703,500,203,250000,812000,0,0
10.84,706,500,206,250000,824000,0,0
10.85,706,500,206,250000,824000,0,0
10.86,703,500,203,250000,812000,0,0
10.87,703,500,203,250000,812000,0,0
10.88,704,500,204,250000,816000,0,0
10.89,706,500,206,250000,824000,0,0
10.9,704,500,204,250000,816000,0,0
10.91,704,500,204,250000,816000,0,0
10.92,705,500,205,250000,820000,0,0
10.93,706,500,206,250000,824000,0,0
10.94,703,500,203,250000,812000,0,0
10.95,703,500,203,250000,812000,0,0
10.96,706,500,206,250000,824000,0,0
10.97,706,500,206,250000,824000,0,0
10.98,703,500,203,250000,812000,0,0
10.99,701,500,201,250000,804000,0,0
11.0,705,500,205,250000,820000,0,0
11.01,706,500,206,250000,824000,0,0
11.02,703,500,203,250000,812000,0,0
11.03,704,500,204,250000,816000,0,0
11.04,704,500,204,250000,816000,0,0
11.05,705,500,205,250000,820000,0,0
11.06,704,500,204,250000,816000,0,0
11.07,702,500,202,250000,808000,0,0
11.08,704,500,204,250000,816000,0,0
11.09,706,500,206,250000,824000,0,0
11.1,704,500,204,250000,816000,0,0
11.11,702,500,202,250000,808000,0,0
11.12,705,500,205,250000,820000,0,0
11.13,705,500,205,250000,820000,0,0
11.14,704,500,204,250000,816000,0,0
11.15,702,500,202,250000,808000,0,0
11.16,706,500,206,250000,824000,0,0
11.17,707,500,207,250000,828000,0,0
11.18,704,500,204,250000,816000,0,0
11.19,702,500,202,250000,808000,0,0
11.2,704,500,204,250000,816000,0,0
11.21,706,500,206,250000,824000,0,0
11.22,705,500,205,250000,820000,0,0
11.23,703,500,203,250000,812000,0,0
11.24,704,500,204,250000,816000,0,0
11.25,706,500,206,250000,824000,0,0
11.26,704,500,204,250000,816000,0,0
11.27,702,500,202,250000,808000,0,0
11.28,704,500,204,250000,816000,0,0
11.29,706,500,206,250000,824000,0,0
11.3,705,500,205,250000,820000,0,0
11.31,702,500,202,250000,808000,0,0
11.32,704,500,204,250000,816000,0,0
11.33,706,500,206,250000,824000,0,0
11.34,704,500,204,250000,816000,0,0
11.35,702,500,202,250000,808000,0,0
11.36,704,500,204,250000,816000,0,0
11.37,706,500,206,250000,824000,0,0
11.38,705,500,205,250000,820000,0,0
11.39,703,500,203,250000,812000,0,0
11.4,703,500,203,250000,812000,0,0
11.41,706,500,206,250000,824000,0,0
11.42,704,500,204,250000,816000,0,0
11.43,704,500,204,250000,816000,0,0
11.44,704,500,204,250000,816000,0,0
11.45,706,500,206,250000,824000,0,0
11.46,705,500,205,250000,820000,0,0
11.47,702,500,202,250000,808000,0,0
11.48,703,500,203,250000,812000,0,0
11.49,704,500,204,250000,816000,0,0
11.5,705,500,205,250000,820000,0,0
11.51,704,500,204,250000,816000,0,0
11.52,703,500,203,250000,812000,0,0
11.53,705,500,205,250000,820000,0,0
11.54,705,500,205,250000,820000,0,0
11.55,703,500,203,250000,812000,0,0
11.56,702,500,202,250000,808000,0,0
11.57,705,500,205,250000,820000,0,0
11.58,706,500,206,250000,824000,0,0
11.59,701,500,201,250000,804000,0,0
11.6,703,500,203,250000,812000,0,0
11.61,705,500,205,250000,820000,0,0
11.62,706,500,206,250000,824000,0,0
11.63,703,500,203,250000,812000,0,0
11.64,703,500,203,250000,812000,0,0
11.65,705,500,205,250000,820000,0,0
11.66,704,500,204,250000,816000,0,0
11.67,704,500,204,250000,816000,0,0
11.68,704,500,204,250000,816000,0,0
11.69,707,500,207,250000,828000,0,0
11.7,706,500,206,250000,824000,0,0
11.71,704,500,204,250000,816000,0,0
11.72,703,500,203,250000,812000,0,0
11.73,706,500,206,250000,824000,0,0
11.74,706,500,206,250000,824000,0,0
11.75,704,500,204,250000,816000,0,0
11.76,704,500,204,250000,816000,0,0
11.77,706,500,206,250000,824000,0,0
11.78,707,500,207,250000,828000,0,0
11.79,704,500,204,250000,816000,0,0
11.8,704,500,204,250000,816000,0,0
11.81,706,500,206,250000,824000,0,0
11.82,706,500,206,250000,824000,0,0
11.83,705,500,205,250000,820000,0,0
11.84,703,500,203,250000,812000,0,0
11.85,705,500,205,250000,820000,0,0
11.86,707,500,207,250000,828000,0,0
11.87,706,500,206,250000,824000,0,0
11.88,704,500,204,250000,816000,0,0
11.89,705,500,205,250000,820000,0,0
11.9,708,500,208,250000,832000,0,0
11.91,705,500,205,250000,820000,0,0
11.92,703,500,203,250000,812000,0,0
11.93,705,500,205,250000,820000,0,0
11.94,707,500,207,250000,828000,0,0
11.95,705,500,205,250000,820000,0,0
11.96,704,500,204,250000,816000,0,0
11.97,704,500,204,250000,816000,0,0
11.98,707,500,207,250000,828000,0,0
11.99,704,500,204,250000,816000,0,0
12.0,704,500,204,250000,816000,0,0
12.01,705,500,205,250000,820000,0,0
12.02,707,500,207,250000,828000,0,0
12.03,706,500,206,250000,824000,0,0
12.04,704,500,204,250000,816000,0,0
12.05,705,500,205,250000,820000,0,0
12.06,707,500,207,250000,828000,0,0
12.07,706,500,206,250000,824000,0,0
12.08,704,500,204,250000,816000,0,0
12.09,704,500,204,250000,816000,0,0
12.1,707,500,207,250000,828000,0,0
12.11,707,500,207,250000,828000,0,0
12.12,712,500,212,250000,848000,0,0
12.13,706,500,206,250000,824000,0,0
12.14,706,500,206,250000,824000,0,0
12.15,706,500,206,250000,824000,0,0
12.16,704,500,204,250000,816000,0,0
12.17,704,500,204,250000,816000,0,0
12.18,707,500,207,250000,828000,0,0
12.19,706,500,206,250000,824000,0,0
12.2,704,500,204,250000,816000,0,0
12.21,704,500,204,250000,816000,0,0
12.22,706,500,206,250000,824000,0,0
12.23,706,500,206,250000,824000,0,0
12.24,704,500,204,250000,816000,0,0
12.25,704,500,204,250000,816000,0,0
12.26,703,500,203,250000,812000,0,0
12.27,706,500,206,250000,824000,0,0
12.28,704,500,204,250000,816000,0,0
12.29,704,500,204,250000,816000,0,0
12.3,706,500,206,250000,824000,0,0
12.31,707,500,207,250000,828000,0,0
12.32,704,500,204,250000,816000,0,0
12.33,704,500,204,250000,816000,0,0
12.34,706,500,206,250000,824000,0,0
12.35,706,500,206,250000,824000,0,0
12.36,704,500,204,250000,816000,0,0
12.37,704,500,204,250000,816000,0,0
12.38,708,500,208,250000,832000,0,0
12.39,706,500,206,250000,824000,0,0
12.4,704,500,204,250000,816000,0,0
12.41,704,500,204,250000,816000,0,0
12.42,706,500,206,250000,824000,0,0
12.43,706,500,206,250000,824000,0,0
12.44,704,500,204,250000,816000,0,0
12.45,702,500,202,250000,808000,0,0
12.46,706,500,206,250000,824000,0,0
12.47,707,500,207,250000,828000,0,0
12.48,705,500,205,250000,820000,0,0
12.49,701,500,201,250000,804000,0,0
12.5,706,500,206,250000,824000,0,0
12.51,707,500,207,250000,828000,0,0
12.52,705,500,205,250000,820000,0,0
12.53,703,500,203,250000,812000,0,0
12.54,707,500,207,250000,828000,0,0
12.55,707,500,207,250000,828000,0,0
12.56,705,500,205,250000,820000,0,0
12.57,704,500,204,250000,816000,0,0
12.58,704,500,204,250000,816000,0,0
12.59,707,500,207,250000,828000,0,0
12.6,706,500,206,250000,824000,0,0
12.61,704,500,204,250000,816000,0,0
12.62,705,500,205,250000,820000,0,0
12.63,707,500,207,250000,828000,0,0
12.64,704,500,204,250000,816000,0,0
12.65,704,500,204,250000,816000,0,0
12.66,705,500,205,250000,820000,0,0
12.67,705,500,205,250000,820000,0,0
12.68,704,500,204,250000,816000,0,0
12.69,702,500,202,250000,808000,0,0
12.7,704,500,204,250000,816000,0,0
12.71,706,500,206,250000,824000,0,0
12.72,704,500,204,250000,816000,0,0
12.73,701,500,201,250000,804000,0,0
12.74,703,500,203,250000,812000,0,0
12.75,706,500,206,250000,824000,0,0
12.76,705,500,205,250000,820000,0,0
12.77,702,500,202,250000,808000,0,0
12.78,704,500,204,250000,816000,0,0
12.79,705,500,205,250000,820000,0,0
12.8,705,500,205,250000,820000,0,0
12.81,703,500,203,250000,812000,0,0
12.82,704,500,204,250000,816000,0,0
12.83,706,500,206,250000,824000,0,0
12.84,704,500,204,250000,816000,0,0
12.85,703,500,203,250000,812000,0,0
12.86,704,500,204,250000,816000,0,0
12.87,706,500,206,250000,824000,0,0
12.88,706,500,206,250000,824000,0,0
12.89,703,500,203,250000,812000,0,0
12.9,703,500,203,250000,812000,0,0
12.91,706,500,206,250000,824000,0,0
12.92,706,500,206,250000,824000,0,0
12.93,702,500,202,250000,808000,0,0
12.94,702,500,202,250000,808000,0,0
12.95,705,500,205,250000,820000,0,0
12.96,705,500,205,250000,820000,0,0
12.97,704,500,204,250000,816000,0,0
12.98,704,500,204,250000,816000,0,0
12.99,704,500,204,250000,816000,0,0
13.0,706,500,206,250000,824000,0,0
13.01,703,500,203,250000,812000,0,0
13.02,702,500,202,250000,808000,0,0
13.03,704,500,204,250000,816000,0,0
13.04,706,500,206,250000,824000,0,0
13.05,703,500,203,250000,812000,0,0
13.06,704,500,204,250000,816000,0,0
13.07,704,500,204,250000,816000,0,0
13.08,705,500,205,250000,820000,0,0
13.09,704,500,204,250000,816000,0,0
13.1,703,500,203,250000,812000,0,0
13.11,706,500,206,250000,824000,0,0
13.12,706,500,206,250000,824000,0,0
13.13,704,500,204,250000,816000,0,0
13.14,703,500,203,250000,812000,0,0
13.15,704,500,204,250000,816000,0,0
13.16,706,500,206,250000,824000,0,0
13.17,704,500,204,250000,816000,0,0
13.18,702,500,202,250000,808000,0,0
13.19,705,500,205,250000,820000,0,0
13.2,706,500,206,250000,824000,0,0
13.21,704,500,204,250000,816000,0,0
13.22,702,500,202,250000,808000,0,0
13.23,704,500,204,250000,816000,0,0
13.24,706,500,206,250000,824000,0,0
13.25,704,500,204,250000,816000,0,0
13.26,703,500,203,250000,812000,0,0
13.27,704,500,204,250000,816000,0,0
13.28,705,500,205,250000,820000,0,0
13.29,704,500,204,250000,816000,0,0
13.3,704,500,204,250000,816000,0,0
13.31,704,500,204,250000,816000,0,0
13.32,706,500,206,250000,824000,0,0
13.33,704,500,204,250000,816000,0,0
13.34,702,500,202,250000,808000,0,0
13.35,704,500,204,250000,816000,0,0
13.36,706,500,206,250000,824000,0,0
13.37,705,500,205,250000,820000,0,0
13.38,702,500,202,250000,808000,0,0
13.39,704,500,204,250000,816000,0,0
13.4,705,500,205,250000,820000,0,0
13.41,704,500,204,250000,816000,0,0
13.42,703,500,203,250000,812000,0,0
13.43,704,500,204,250000,816000,0,0
13.44,706,500,206,250000,824000,0,0
13.45,704,500,204,250000,816000,0,0
13.46,703,500,203,250000,812000,0,0
13.47,704,500,204,250000,816000,0,0
13.48,706,500,206,250000,824000,0,0
13.49,704,500,204,250000,816000,0,0
13.5,702,500,202,250000,808000,0,0
13.51,703,500,203,250000,812000,0,0
13.52,706,500,206,250000,824000,0,0
13.53,706,500,206,250000,824000,0,0
13.54,701,500,201,250000,804000,0,0
13.55,704,500,204,250000,816000,0,0
13.56,706,500,206,250000,824000,0,0
13.57,704,500,204,250000,816000,0,0
13.58,703,500,203,250000,812000,0,0
13.59,702,500,202,250000,808000,0,0
13.6,705,500,205,250000,820000,0,0
13.61,704,500,204,250000,816000,0,0
13.62,702,500,202,250000,808000,0,0
13.63,702,500,202,250000,808000,0,0
13.64,705,500,205,250000,820000,0,0
13.65,706,500,206,250000,824000,0,0
13.66,701,500,201,250000,804000,0,0
13.67,704,500,204,250000,816000,0,0
13.68,706,500,206,250000,824000,0,0
13.69,706,500,206,250000,824000,0,0
13.7,704,500,204,250000,816000,0,0
13.71,703,500,203,250000,812000,0,0
13.72,706,500,206,250000,824000,0,0
13.73,705,500,205,250000,820000,0,0
13.74,704,500,204,250000,816000,0,0
13.75,703,500,203,250000,812000,0,0
13.76,707,500,207,250000,828000,0,0
13.77,706,500,206,250000,824000,0,0
13.78,704,500,204,250000,816000,0,0
13.79,703,500,203,250000,812000,0,0
13.8,706,500,206,250000,824000,0,0
13.81,706,500,206,250000,824000,0,0
13.82,704,500,204,250000,816000,0,0
13.83,704,500,204,250000,816000,0,0
13.84,705,500,205,250000,820000,0,0
13.85,706,500,206,250000,824000,0,0
13.86,704,500,204,250000,816000,0,0
13.87,703,500,203,250000,812000,0,0
13.88,704,500,204,250000,816000,0,0
13.89,706,500,206,250000,824000,0,0
13.9,703,500,203,250000,812000,0,0
13.91,704,500,204,250000,816000,0,0
13.92,705,500,205,250000,820000,0,0
13.93,706,500,206,250000,824000,0,0
13.94,704,500,204,250000,816000,0,0
13.95,704,500,204,250000,816000,0,0
13.96,705,500,205,250000,820000,0,0
13.97,706,500,206,250000,824000,0,0
13.98,704,500,204,250000,816000,0,0
13.99,701,500,201,250000,804000,0,0
14.0,706,500,206,250000,824000,0,0
14.01,707,500,207,250000,828000,0,0
14.02,704,500,204,250000,816000,0,0
14.03,703,500,203,250000,812000,0,0
14.04,704,500,204,250000,816000,0,0
14.05,706,500,206,250000,824000,0,0
14.06,706,500,206,250000,824000,0,0
14.07,703,500,203,250000,812000,0,0
14.08,705,500,205,250000,820000,0,0
14.09,706,500,206,250000,824000,0,0
14.1,705,500,205,250000,820000,0,0
14.11,704,500,204,250000,816000,0,0
14.12,705,500,205,250000,820000,0,0
14.13,706,500,206,250000,824000,0,0
14.14,707,500,207,250000,828000,0,0
14.15,704,500,204,250000,816000,0,0
14.16,705,500,205,250000,820000,0,0
14.17,707,500,207,250000,828000,0,0
14.18,706,500,206,250000,824000,0,0
14.19,703,500,203,250000,812000,0,0
14.2,705,500,205,250000,820000,0,0
14.21,707,500,207,250000,828000,0,0
14.22,707,500,207,250000,828000,0,0
14.23,704,500,204,250000,816000,0,0
14.24,704,500,204,250000,816000,0,0
14.25,706,500,206,250000,824000,0,0
14.26,706,500,206,250000,824000,0,0
14.27,703,500,203,250000,812000,0,0
14.28,705,500,205,250000,820000,0,0
14.29,707,500,207,250000,828000,0,0
14.3,706,500,206,250000,824000,0,0
14.31,704,500,204,250000,816000,0,0
14.32,704,500,204,250000,816000,0,0
14.33,707,500,207,250000,828000,0,0
14.34,707,500,207,250000,828000,0,0
14.35,704,500,204,250000,816000,0,0
14.36,706,500,206,250000,824000,0,0
14.37,707,500,207,250000,828000,0,0
14.38,706,500,206,250000,824000,0,0
14.39,704,500,204,250000,816000,0,0
14.4,704,500,204,250000,816000,0,0
14.41,707,500,207,250000,828000,0,0
14.42,706,500,206,250000,824000,0,0
14.43,704,500,204,250000,816000,0,0
14.44,706,500,206,250000,824000,0,0
14.45,706,500,206,250000,824000,0,0
14.46,708,500,208,250000,832000,0,0
14.47,704,500,204,250000,816000,0,0
14.48,704,500,204,250000,816000,0,0
14.49,706,500,206,250000,824000,0,0
14.5,707,500,207,250000,828000,0,0
14.51,705,500,205,250000,820000,0,0
14.52,704,500,204,250000,816000,0,0
14.53,706,500,206,250000,824000,0,0
14.54,707,500,207,250000,828000,0,0
14.55,705,500,205,250000,820000,0,0
14.56,704,500,204,250000,816000,0,0
14.57,705,500,205,250000,820000,0,0
14.58,707,500,207,250000,828000,0,0
14.59,704,500,204,250000,816000,0,0
14.6,704,500,204,250000,816000,0,0
14.61,706,500,206,250000,824000,0,0
14.62,707,500,207,250000,828000,0,0
14.63,704,500,204,250000,816000,0,0
14.64,704,500,204,250000,816000,0,0
14.65,706,500,206,250000,824000,0,0
14.66,707,500,207,250000,828000,0,0
14.67,704,500,204,250000,816000,0,0
14.68,701,500,201,250000,804000,0,0
14.69,704,500,204,250000,816000,0,0
14.7,706,500,206,250000,824000,0,0
14.71,704,500,204,250000,816000,0,0
14.72,703,500,203,250000,812000,0,0
14.73,704,500,204,250000,816000,0,0
14.74,706,500,206,250000,824000,0,0
14.75,704,500,204,250000,816000,0,0
14.76,702,500,202,250000,808000,0,0
14.77,703,500,203,250000,812000,0,0
14.78,705,500,205,250000,820000,0,0
14.79,704,500,204,250000,816000,0,0
14.8,703,500,203,250000,812000,0,0
14.81,704,500,204,250000,816000,0,0
14.82,706,500,206,250000,824000,0,0
14.83,703,500,203,250000,812000,0,0
14.84,702,500,202,250000,808000,0,0
14.85,704,500,204,250000,816000,0,0
14.86,706,500,206,250000,824000,0,0
14.87,705,500,205,250000,820000,0,0
14.88,702,500,202,250000,808000,0,0
14.89,704,500,204,250000,816000,0,0
14.9,705,500,205,250000,820000,0,0
14.91,704,500,204,250000,816000,0,0
14.92,703,500,203,250000,812000,0,0
14.93,704,500,204,250000,816000,0,0
14.94,705,500,205,250000,820000,0,0
14.95,705,500,205,250000,820000,0,0
14.96,703,500,203,250000,812000,0,0
14.97,703,500,203,250000,812000,0,0
14.98,706,500,206,250000,824000,0,0
14.99,706,500,206,250000,824000,0,0
15.0,699,500,199,250000,796000,0,0
15.01,703,500,203,250000,812000,0,0
15.02,706,500,206,250000,824000,0,0
15.03,705,500,205,250000,820000,0,0
15.04,703,500,203,250000,812000,0,0
15.05,704,500,204,250000,816000,0,0
15.06,705,500,205,250000,820000,0,0
15.07,706,500,206,250000,824000,0,0
15.08,702,500,202,250000,808000,0,0
15.09,701,500,201,250000,804000,0,0
15.1,706,500,206,250000,824000,0,0
15.11,707,500,207,250000,828000,0,0
15.12,703,500,203,250000,812000,0,0
15.13,703,500,203,250000,812000,0,0
15.14,706,500,206,250000,824000,0,0
15.15,706,500,206,250000,824000,0,0
15.16,704,500,204,250000,816000,0,0
15.17,703,500,203,250000,812000,0,0
15.18,706,500,206,250000,824000,0,0
15.19,706,500,206,250000,824000,0,0
15.2,704,500,204,250000,816000,0,0
15.21,703,500,203,250000,812000,0,0
15.22,704,500,204,250000,816000,0,0
15.23,705,500,205,250000,820000,0,0
15.24,704,500,204,250000,816000,0,0
15.25,702,500,202,250000,808000,0,0
15.26,705,500,205,250000,820000,0,0
15.27,705,500,205,250000,820000,0,0
15.28,704,500,204,250000,816000,0,0
15.29,703,500,203,250000,812000,0,0
15.3,705,500,205,250000,820000,0,0
15.31,706,500,206,250000,824000,0,0
15.32,703,500,203,250000,812000,0,0
15.33,702,500,202,250000,808000,0,0
15.34,704,500,204,250000,816000,0,0
15.35,706,500,206,250000,824000,0,0
15.36,704,500,204,250000,816000,0,0
15.37,702,500,202,250000,808000,0,0
15.38,704,500,204,250000,816000,0,0
15.39,706,500,206,250000,824000,0,0
15.4,704,500,204,250000,816000,0,0
15.41,703,500,203,250000,812000,0,0
15.42,704,500,204,250000,816000,0,0
15.43,705,500,205,250000,820000,0,0
15.44,704,500,204,250000,816000,0,0
15.45,702,500,202,250000,808000,0,0
15.46,704,500,204,250000,816000,0,0
15.47,706,500,206,250000,824000,0,0
15.48,705,500,205,250000,820000,0,0
15.49,702,500,202,250000,808000,0,0
15.5,704,500,204,250000,816000,0,0
15.51,706,500,206,250000,824000,0,0
15.52,704,500,204,250000,816000,0,0
15.53,704,500,204,250000,816000,0,0
15.54,704,500,204,250000,816000,0,0
15.55,706,500,206,250000,824000,0,0
15.56,705,500,205,250000,820000,0,0
15.57,701,500,201,250000,804000,0,0
15.58,703,500,203,250000,812000,0,0
15.59,705,500,205,250000,820000,0,0
15.6,704,500,204,250000,816000,0,0
15.61,704,500,204,250000,816000,0,0
15.62,703,500,203,250000,812000,0,0
15.63,706,500,206,250000,824000,0,0
15.64,704,500,204,250000,816000,0,0
15.65,703,500,203,250000,812000,0,0
15.66,704,500,204,250000,816000,0,0
15.67,706,500,206,250000,824000,0,0
15.68,706,500,206,250000,824000,0,0
15.69,703,500,203,250000,812000,0,0
15.7,705,500,205,250000,820000,0,0
15.71,707,500,207,250000,828000,0,0
15.72,706,500,206,250000,824000,0,0
15.73,704,500,204,250000,816000,0,0
15.74,704,500,204,250000,816000,0,0
15.75,707,500,207,250000,828000,0,0
15.76,707,500,207,250000,828000,0,0
15.77,704,500,204,250000,816000,0,0
15.78,704,500,204,250000,816000,0,0
15.79,707,500,207,250000,828000,0,0
15.8,707,500,207,250000,828000,0,0
15.81,705,500,205,250000,820000,0,0
15.82,703,500,203,250000,812000,0,0
15.83,706,500,206,250000,824000,0,0
15.84,706,500,206,250000,824000,0,0
15.85,704,500,204,250000,816000,0,0
15.86,705,500,205,250000,820000,0,0
15.87,706,500,206,250000,824000,0,0
15.88,707,500,207,250000,828000,0,0
15.89,704,500,204,250000,816000,0,0
15.9,704,500,204,250000,816000,0,0
15.91,706,500,206,250000,824000,0,0
15.92,707,500,207,250000,828000,0,0
15.93,704,500,204,250000,816000,0,0
15.94,704,500,204,250000,816000,0,0
15.95,706,500,206,250000,824000,0,0
15.96,707,500,207,250000,828000,0,0
15.97,705,500,205,250000,820000,0,0
15.98,704,500,204,250000,816000,0,0
15.99,705,500,205,250000,820000,0,0
16.0,707,500,207,250000,828000,0,0
16.01,705,500,205,250000,820000,0,0
16.02,704,500,204,250000,816000,0,0
16.03,706,500,206,250000,824000,0,0
16.04,706,500,206,250000,824000,0,0
16.05,704,500,204,250000,816000,0,0
16.06,704,500,204,250000,816000,0,0
16.07,705,500,205,250000,820000,0,0
16.08,706,500,206,250000,824000,0,0
16.09,705,500,205,250000,820000,0,0
16.1,704,500,204,250000,816000,0,0
16.11,706,500,206,250000,824000,0,0
16.12,706,500,206,250000,824000,0,0
16.13,706,500,206,250000,824000,0,0
16.14,703,500,203,250000,812000,0,0
16.15,704,500,204,250000,816000,0,0
16.16,707,500,207,250000,828000,0,0
16.17,706,500,206,250000,824000,0,0
16.18,704,500,204,250000,816000,0,0
16.19,704,500,204,250000,816000,0,0
16.2,707,500,207,250000,828000,0,0
16.21,705,500,205,250000,820000,0,0
16.22,704,500,204,250000,816000,0,0
16.23,704,500,204,250000,816000,0,0
16.24,707,500,207,250000,828000,0,0
16.25,706,500,206,250000,824000,0,0
16.26,704,500,204,250000,816000,0,0
16.27,705,500,205,250000,820000,0,0
16.28,709,500,209,250000,836000,0,0
16.29,706,500,206,250000,824000,0,0
16.3,704,500,204,250000,816000,0,0
16.31,705,500,205,250000,820000,0,0
16.32,707,500,207,250000,828000,0,0
16.33,706,500,206,250000,824000,0,0
16.34,704,500,204,250000,816000,0,0
16.35,704,500,204,250000,816000,0,0
16.36,706,500,206,250000,824000,0,0
16.37,706,500,206,250000,824000,0,0
16.38,704,500,204,250000,816000,0,0
16.39,704,500,204,250000,816000,0,0
16.4,706,500,206,250000,824000,0,0
16.41,707,500,207,250000,828000,0,0
16.42,704,500,204,250000,816000,0,0
16.43,704,500,204,250000,816000,0,0
16.44,706,500,206,250000,824000,0,0
16.45,706,500,206,250000,824000,0,0
16.46,704,500,204,250000,816000,0,0
16.47,703,500,203,250000,812000,0,0
16.48,706,500,206,250000,824000,0,0
16.49,705,500,205,250000,820000,0,0
16.5,703,500,203,250000,812000,0,0
16.51,704,500,204,250000,816000,0,0
16.52,707,500,207,250000,828000,0,0
16.53,706,500,206,250000,824000,0,0
16.54,704,500,204,250000,816000,0,0
16.55,704,500,204,250000,816000,0,0
16.56,706,500,206,250000,824000,0,0
16.57,706,500,206,250000,824000,0,0
16.58,703,500,203,250000,812000,0,0
16.59,703,500,203,250000,812000,0,0
16.6,705,500,205,250000,820000,0,0
16.61,706,500,206,250000,824000,0,0
16.62,704,500,204,250000,816000,0,0
16.63,704,500,204,250000,816000,0,0
16.64,706,500,206,250000,824000,0,0
16.65,707,500,207,250000,828000,0,0
16.66,704,500,204,250000,816000,0,0
16.67,704,500,204,250000,816000,0,0
16.68,704,500,204,250000,816000,0,0
16.69,704,500,204,250000,816000,0,0
16.7,703,500,203,250000,812000,0,0
16.71,702,500,202,250000,808000,0,0
16.72,704,500,204,250000,816000,0,0
16.73,706,500,206,250000,824000,0,0
16.74,704,500,204,250000,816000,0,0
16.75,703,500,203,250000,812000,0,0
16.76,705,500,205,250000,820000,0,0
16.77,707,500,207,250000,828000,0,0
16.78,704,500,204,250000,816000,0,0
16.79,702,500,202,250000,808000,0,0
16.8,704,500,204,250000,816000,0,0
16.81,706,500,206,250000,824000,0,0
16.82,704,500,204,250000,816000,0,0
16.83,703,500,203,250000,812000,0,0
16.84,704,500,204,250000,816000,0,0
16.85,706,500,206,250000,824000,0,0
16.86,705,500,205,250000,820000,0,0
16.87,701,500,201,250000,804000,0,0
16.88,704,500,204,250000,816000,0,0
16.89,706,500,206,250000,824000,0,0
16.9,704,500,204,250000,816000,0,0
16.91,704,500,204,250000,816000,0,0
16.92,704,500,204,250000,816000,0,0
16.93,706,500,206,250000,824000,0,0
16.94,705,500,205,250000,820000,0,0
16.95,703,500,203,250000,812000,0,0
16.96,704,500,204,250000,816000,0,0
16.97,706,500,206,250000,824000,0,0
16.98,706,500,206,250000,824000,0,0
16.99,702,500,202,250000,808000,0,0
17.0,703,500,203,250000,812000,0,0
17.01,706,500,206,250000,824000,0,0
17.02,704,500,204,250000,816000,0,0
17.03,703,500,203,250000,812000,0,0
17.04,704,500,204,250000,816000,0,0
17.05,706,500,206,250000,824000,0,0
17.06,705,500,205,250000,820000,0,0
17.07,702,500,202,250000,808000,0,0
17.08,704,500,204,250000,816000,0,0
17.09,706,500,206,250000,824000,0,0
17.1,706,500,206,250000,824000,0,0
17.11,703,500,203,250000,812000,0,0
17.12,704,500,204,250000,816000,0,0
17.13,706,500,206,250000,824000,0,0
17.14,704,500,204,250000,816000,0,0
17.15,703,500,203,250000,812000,0,0
17.16,704,500,204,250000,816000,0,0
17.17,705,500,205,250000,820000,0,0
17.18,705,500,205,250000,820000,0,0
17.19,704,500,204,250000,816000,0,0
17.2,704,500,204,250000,816000,0,0
17.21,708,500,208,250000,832000,0,0
17.22,705,500,205,250000,820000,0,0
17.23,704,500,204,250000,816000,0,0
17.24,701,500,201,250000,804000,0,0
17.25,706,500,206,250000,824000,0,0
17.26,707,500,207,250000,828000,0,0
17.27,703,500,203,250000,812000,0,0
17.28,703,500,203,250000,812000,0,0
17.29,705,500,205,250000,820000,0,0
17.3,706,500,206,250000,824000,0,0
17.31,704,500,204,250000,816000,0,0
17.32,703,500,203,250000,812000,0,0
17.33,705,500,205,250000,820000,0,0
17.34,706,500,206,250000,824000,0,0
17.35,704,500,204,250000,816000,0,0
17.36,703,500,203,250000,812000,0,0
17.37,705,500,205,250000,820000,0,0
17.38,706,500,206,250000,824000,0,0
17.39,704,500,204,250000,816000,0,0
17.4,702,500,202,250000,808000,0,0
17.41,706,500,206,250000,824000,0,0
17.42,706,500,206,250000,824000,0,0
17.43,704,500,204,250000,816000,0,0
17.44,702,500,202,250000,808000,0,0
17.45,705,500,205,250000,820000,0,0
17.46,707,500,207,250000,828000,0,0
17.47,704,500,204,250000,816000,0,0
17.48,702,500,202,250000,808000,0,0
17.49,705,500,205,250000,820000,0,0
17.5,706,500,206,250000,824000,0,0
17.51,704,500,204,250000,816000,0,0
17.52,703,500,203,250000,812000,0,0
17.53,704,500,204,250000,816000,0,0
17.54,706,500,206,250000,824000,0,0
17.55,705,500,205,250000,820000,0,0
17.56,703,500,203,250000,812000,0,0
17.57,704,500,204,250000,816000,0,0
17.58,706,500,206,250000,824000,0,0
17.59,704,500,204,250000,816000,0,0
17.6,703,500,203,250000,812000,0,0
17.61,704,500,204,250000,816000,0,0
17.62,711,500,211,250000,844000,0,0
17.63,704,500,204,250000,816000,0,0
17.64,703,500,203,250000,812000,0,0
17.65,703,500,203,250000,812000,0,0
17.66,706,500,206,250000,824000,0,0
17.67,705,500,205,250000,820000,0,0
17.68,704,500,204,250000,816000,0,0
17.69,704,500,204,250000,816000,0,0
17.7,707,500,207,250000,828000,0,0
17.71,708,500,208,250000,832000,0,0
17.72,704,500,204,250000,816000,0,0
17.73,705,500,205,250000,820000,0,0
17.74,707,500,207,250000,828000,0,0
17.75,709,500,209,250000,836000,0,0
17.76,704,500,204,250000,816000,0,0
17.77,704,500,204,250000,816000,0,0
17.78,707,500,207,250000,828000,0,0
17.79,706,500,206,250000,824000,0,0
17.8,704,500,204,250000,816000,0,0
17.81,705,500,205,250000,820000,0,0
17.82,707,500,207,250000,828000,0,0
17.83,705,500,205,250000,820000,0,0
17.84,704,500,204,250000,816000,0,0
17.85,704,500,204,250000,816000,0,0
17.86,706,500,206,250000,824000,0,0
17.87,709,500,209,250000,836000,0,0
17.88,704,500,204,250000,816000,0,0
17.89,704,500,204,250000,816000,0,0
17.9,706,500,206,250000,824000,0,0
17.91,707,500,207,250000,828000,0,0
17.92,704,500,204,250000,816000,0,0
17.93,704,500,204,250000,816000,0,0
17.94,706,500,206,250000,824000,0,0
17.95,706,500,206,250000,824000,0,0
17.96,704,500,204,250000,816000,0,0
17.97,704,500,204,250000,816000,0,0
17.98,706,500,206,250000,824000,0,0
17.99,706,500,206,250000,824000,0,0
18.0,704,500,204,250000,816000,0,0
18.01,704,500,204,250000,816000,0,0
18.02,706,500,206,250000,824000,0,0
18.03,706,500,206,250000,824000,0,0
18.04,704,500,204,250000,816000,0,0
18.05,703,500,203,250000,812000,0,0
18.06,707,500,207,250000,828000,0,0
18.07,707,500,207,250000,828000,0,0
18.08,704,500,204,250000,816000,0,0
18.09,704,500,204,250000,816000,0,0
18.1,706,500,206,250000,824000,0,0
18.11,707,500,207,250000,828000,0,0
18.12,705,500,205,250000,820000,0,0
18.13,704,500,204,250000,816000,0,0
18.14,705,500,205,250000,820000,0,0
18.15,707,500,207,250000,828000,0,0
18.16,706,500,206,250000,824000,0,0
18.17,704,500,204,250000,816000,0,0
18.18,705,500,205,250000,820000,0,0
18.19,706,500,206,250000,824000,0,0
18.2,706,500,206,250000,824000,0,0
18.21,704,500,204,250000,816000,0,0
18.22,706,500,206,250000,824000,0,0
18.23,707,500,207,250000,828000,0,0
18.24,704,500,204,250000,816000,0,0
18.25,704,500,204,250000,816000,0,0
18.26,705,500,205,250000,820000,0,0
18.27,707,500,207,250000,828000,0,0
18.28,706,500,206,250000,824000,0,0
18.29,704,500,204,250000,816000,0,0
18.3,706,500,206,250000,824000,0,0
18.31,707,500,207,250000,828000,0,0
18.32,706,500,206,250000,824000,0,0
18.33,704,500,204,250000,816000,0,0
18.34,704,500,204,250000,816000,0,0
18.35,706,500,206,250000,824000,0,0
18.36,706,500,206,250000,824000,0,0
18.37,704,500,204,250000,816000,0,0
18.38,705,500,205,250000,820000,0,0
18.39,707,500,207,250000,828000,0,0
18.4,706,500,206,250000,824000,0,0
18.41,704,500,204,250000,816000,0,0
18.42,704,500,204,250000,816000,0,0
18.43,707,500,207,250000,828000,0,0
18.44,706,500,206,250000,824000,0,0
18.45,704,500,204,250000,816000,0,0
18.46,704,500,204,250000,816000,0,0
18.47,706,500,206,250000,824000,0,0
18.48,706,500,206,250000,824000,0,0
18.49,704,500,204,250000,816000,0,0
18.5,704,500,204,250000,816000,0,0
18.51,707,500,207,250000,828000,0,0
18.52,706,500,206,250000,824000,0,0
18.53,701,500,201,250000,804000,0,0
18.54,703,500,203,250000,812000,0,0
18.55,706,500,206,250000,824000,0,0
18.56,706,500,206,250000,824000,0,0
18.57,704,500,204,250000,816000,0,0
18.58,704,500,204,250000,816000,0,0
18.59,706,500,206,250000,824000,0,0
18.6,706,500,206,250000,824000,0,0
18.61,704,500,204,250000,816000,0,0
18.62,704,500,204,250000,816000,0,0
18.63,707,500,207,250000,828000,0,0
18.64,706,500,206,250000,824000,0,0
18.65,704,500,204,250000,816000,0,0
18.66,705,500,205,250000,820000,0,0
18.67,707,500,207,250000,828000,0,0
18.68,705,500,205,250000,820000,0,0
18.69,704,500,204,250000,816000,0,0
18.7,702,500,202,250000,808000,0,0
18.71,705,500,205,250000,820000,0,0
18.72,706,500,206,250000,824000,0,0
18.73,703,500,203,250000,812000,0,0
18.74,703,500,203,250000,812000,0,0
18.75,706,500,206,250000,824000,0,0
18.76,709,500,209,250000,836000,0,0
18.77,704,500,204,250000,816000,0,0
18.78,703,500,203,250000,812000,0,0
18.79,705,500,205,250000,820000,0,0
18.8,706,500,206,250000,824000,0,0
18.81,704,500,204,250000,816000,0,0
18.82,703,500,203,250000,812000,0,0
18.83,705,500,205,250000,820000,0,0
18.84,705,500,205,250000,820000,0,0
18.85,705,500,205,250000,820000,0,0
18.86,703,500,203,250000,812000,0,0
18.87,704,500,204,250000,816000,0,0
18.88,706,500,206,250000,824000,0,0
18.89,704,500,204,250000,816000,0,0
18.9,702,500,202,250000,808000,0,0
18.91,705,500,205,250000,820000,0,0
18.92,706,500,206,250000,824000,0,0
18.93,704,500,204,250000,816000,0,0
18.94,701,500,201,250000,804000,0,0
18.95,704,500,204,250000,816000,0,0
18.96,706,500,206,250000,824000,0,0
18.97,704,500,204,250000,816000,0,0
18.98,703,500,203,250000,812000,0,0
18.99,704,500,204,250000,816000,0,0
19.0,706,500,206,250000,824000,0,0
19.01,705,500,205,250000,820000,0,0
19.02,702,500,202,250000,808000,0,0
19.03,704,500,204,250000,816000,0,0
19.04,708,500,208,250000,832000,0,0
19.05,705,500,205,250000,820000,0,0
19.06,703,500,203,250000,812000,0,0
19.07,704,500,204,250000,816000,0,0
19.08,698,500,198,250000,792000,0,0
19.09,704,500,204,250000,816000,0,0
19.1,703,500,203,250000,812000,0,0
19.11,704,500,204,250000,816000,0,0
19.12,706,500,206,250000,824000,0,0
19.13,705,500,205,250000,820000,0,0
19.14,702,500,202,250000,808000,0,0
19.15,706,500,206,250000,824000,0,0
19.16,706,500,206,250000,824000,0,0
19.17,706,500,206,250000,824000,0,0
19.18,704,500,204,250000,816000,0,0
19.19,703,500,203,250000,812000,0,0
19.2,706,500,206,250000,824000,0,0
19.21,705,500,205,250000,820000,0,0
19.22,703,500,203,250000,812000,0,0
19.23,704,500,204,250000,816000,0,0
19.24,705,500,205,250000,820000,0,0
19.25,705,500,205,250000,820000,0,0
19.26,703,500,203,250000,812000,0,0
19.27,704,500,204,250000,816000,0,0
19.28,706,500,206,250000,824000,0,0
19.29,706,500,206,250000,824000,0,0
19.3,704,500,204,250000,816000,0,0
19.31,703,500,203,250000,812000,0,0
19.32,705,500,205,250000,820000,0,0
19.33,706,500,206,250000,824000,0,0
19.34,704,500,204,250000,816000,0,0
19.35,704,500,204,250000,816000,0,0
19.36,705,500,205,250000,820000,0,0
19.37,705,500,205,250000,820000,0,0
19.38,704,500,204,250000,816000,0,0
19.39,703,500,203,250000,812000,0,0
19.4,705,500,205,250000,820000,0,0
19.41,706,500,206,250000,824000,0,0
19.42,704,500,204,250000,816000,0,0
19.43,702,500,202,250000,808000,0,0
19.44,704,500,204,250000,816000,0,0
19.45,705,500,205,250000,820000,0,0
19.46,704,500,204,250000,816000,0,0
19.47,702,500,202,250000,808000,0,0
19.48,705,500,205,250000,820000,0,0
19.49,705,500,205,250000,820000,0,0
19.5,704,500,204,250000,816000,0,0
19.51,703,500,203,250000,812000,0,0
19.52,704,500,204,250000,816000,0,0
19.53,706,500,206,250000,824000,0,0
19.54,704,500,204,250000,816000,0,0
19.55,702,500,202,250000,808000,0,0
19.56,705,500,205,250000,820000,0,0
19.57,706,500,206,250000,824000,0,0
19.58,704,500,204,250000,816000,0,0
19.59,702,500,202,250000,808000,0,0
19.6,704,500,204,250000,816000,0,0
19.61,706,500,206,250000,824000,0,0
19.62,704,500,204,250000,816000,0,0
19.63,703,500,203,250000,812000,0,0
19.64,704,500,204,250000,816000,0,0
19.65,706,500,206,250000,824000,0,0
19.66,705,500,205,250000,820000,0,0
19.67,703,500,203,250000,812000,0,0
19.68,705,500,205,250000,820000,0,0
19.69,706,500,206,250000,824000,0,0
19.7,706,500,206,250000,824000,0,0
19.71,704,500,204,250000,816000,0,0
19.72,705,500,205,250000,820000,0,0
19.73,707,500,207,250000,828000,0,0
19.74,706,500,206,250000,824000,0,0
19.75,704,500,204,250000,816000,0,0
19.76,705,500,205,250000,820000,0,0
19.77,707,500,207,250000,828000,0,0
19.78,707,500,207,250000,828000,0,0
19.79,703,500,203,250000,812000,0,0
19.8,705,500,205,250000,820000,0,0
19.81,708,500,208,250000,832000,0,0
19.82,706,500,206,250000,824000,0,0
19.83,704,500,204,250000,816000,0,0
19.84,704,500,204,250000,816000,0,0
19.85,708,500,208,250000,832000,0,0
19.86,706,500,206,250000,824000,0,0
19.87,704,500,204,250000,816000,0,0
19.88,704,500,204,250000,816000,0,0
19.89,706,500,206,250000,824000,0,0
19.9,706,500,206,250000,824000,0,0
19.91,704,500,204,250000,816000,0,0
19.92,704,500,204,250000,816000,0,0
19.93,707,500,207,250000,828000,0,0
19.94,706,500,206,250000,824000,0,0
19.95,704,500,204,250000,816000,0,0
19.96,704,500,204,250000,816000,0,0
19.97,707,500,207,250000,828000,0,0
19.98,707,500,207,250000,828000,0,0
19.99,704,500,204,250000,816000,0,0
20.0,704,500,204,250000,816000,0,0
20.01,707,500,207,250000,828000,0,0
20.02,706,500,206,250000,824000,0,0
20.03,704,500,204,250000,816000,0,0
20.04,704,500,204,250000,816000,0,0
20.05,706,500,206,250000,824000,0,0
20.06,707,500,207,250000,828000,0,0
20.07,704,500,204,250000,816000,0,0
20.08,704,500,204,250000,816000,0,0
20.09,706,500,206,250000,824000,0,0
20.1,706,500,206,250000,824000,0,0
20.11,704,500,204,250000,816000,0,0
20.12,704,500,204,250000,816000,0,0
20.13,705,500,205,250000,820000,0,0
20.14,706,500,206,250000,824000,0,0
20.15,704,500,204,250000,816000,0,0
20.16,704,500,204,250000,816000,0,0
20.17,706,500,206,250000,824000,0,0
20.18,706,500,206,250000,824000,0,0
20.19,704,500,204,250000,816000,0,0
20.2,704,500,204,250000,816000,0,0
20.21,707,500,207,250000,828000,0,0
20.22,706,500,206,250000,824000,0,0
20.23,705,500,205,250000,820000,0,0
20.24,704,500,204,250000,816000,0,0
20.25,707,500,207,250000,828000,0,0
20.26,707,500,207,250000,828000,0,0
20.27,705,500,205,250000,820000,0,0
20.28,703,500,203,250000,812000,0,0
20.29,705,500,205,250000,820000,0,0
20.3,707,500,207,250000,828000,0,0
20.31,705,500,205,250000,820000,0,0
20.32,703,500,203,250000,812000,0,0
20.33,705,500,205,250000,820000,0,0
20.34,707,500,207,250000,828000,0,0
20.35,705,500,205,250000,820000,0,0
20.36,704,500,204,250000,816000,0,0
20.37,706,500,206,250000,824000,0,0
20.38,706,500,206,250000,824000,0,0
20.39,706,500,206,250000,824000,0,0
20.4,704,500,204,250000,816000,0,0
20.41,706,500,206,250000,824000,0,0
20.42,708,500,208,250000,832000,0,0
20.43,706,500,206,250000,824000,0,0
20.44,704,500,204,250000,816000,0,0
20.45,705,500,205,250000,820000,0,0
20.46,707,500,207,250000,828000,0,0
20.47,706,500,206,250000,824000,0,0
20.48,698,500,198,250000,792000,0,0
20.49,704,500,204,250000,816000,0,0
20.5,709,500,209,250000,836000,0,0
20.51,706,500,206,250000,824000,0,0
20.52,703,500,203,250000,812000,0,0
20.53,705,500,205,250000,820000,0,0
20.54,707,500,207,250000,828000,0,0
20.55,706,500,206,250000,824000,0,0
20.56,704,500,204,250000,816000,0,0
20.57,704,500,204,250000,816000,0,0
20.58,707,500,207,250000,828000,0,0
20.59,706,500,206,250000,824000,0,0
20.6,704,500,204,250000,816000,0,0
20.61,705,500,205,250000,820000,0,0
20.62,707,500,207,250000,828000,0,0
20.63,707,500,207,250000,828000,0,0
20.64,704,500,204,250000,816000,0,0
20.65,704,500,204,250000,816000,0,0
20.66,708,500,208,250000,832000,0,0
20.67,707,500,207,250000,828000,0,0
20.68,703,500,203,250000,812000,0,0
20.69,704,500,204,250000,816000,0,0
20.7,706,500,206,250000,824000,0,0
20.71,706,500,206,250000,824000,0,0
20.72,703,500,203,250000,812000,0,0
20.73,703,500,203,250000,812000,0,0
20.74,704,500,204,250000,816000,0,0
20.75,706,500,206,250000,824000,0,0
20.76,704,500,204,250000,816000,0,0
20.77,704,500,204,250000,816000,0,0
20.78,706,500,206,250000,824000,0,0
20.79,706,500,206,250000,824000,0,0
20.8,704,500,204,250000,816000,0,0
20.81,704,500,204,250000,816000,0,0
20.82,705,500,205,250000,820000,0,0
20.83,706,500,206,250000,824000,0,0
20.84,703,500,203,250000,812000,0,0
20.85,701,500,201,250000,804000,0,0
20.86,705,500,205,250000,820000,0,0
20.87,706,500,206,250000,824000,0,0
20.88,704,500,204,250000,816000,0,0
20.89,703,500,203,250000,812000,0,0
20.9,704,500,204,250000,816000,0,0
20.91,706,500,206,250000,824000,0,0
20.92,703,500,203,250000,812000,0,0
20.93,702,500,202,250000,808000,0,0
20.94,702,500,202,250000,808000,0,0
20.95,706,500,206,250000,824000,0,0
20.96,704,500,204,250000,816000,0,0
20.97,701,500,201,250000,804000,0,0
20.98,705,500,205,250000,820000,0,0
20.99,705,500,205,250000,820000,0,0
21.0,704,500,204,250000,816000,0,0
21.01,703,500,203,250000,812000,0,0
21.02,704,500,204,250000,816000,0,0
21.03,706,500,206,250000,824000,0,0
21.04,704,500,204,250000,816000,0,0
21.05,702,500,202,250000,808000,0,0
21.06,704,500,204,250000,816000,0,0
21.07,706,500,206,250000,824000,0,0
21.08,704,500,204,250000,816000,0,0
21.09,703,500,203,250000,812000,0,0
21.1,705,500,205,250000,820000,0,0
21.11,706,500,206,250000,824000,0,0
21.12,704,500,204,250000,816000,0,0
21.13,702,500,202,250000,808000,0,0
21.14,703,500,203,250000,812000,0,0
21.15,706,500,206,250000,824000,0,0
21.16,704,500,204,250000,816000,0,0
21.17,701,500,201,250000,804000,0,0
21.18,704,500,204,250000,816000,0,0
21.19,706,500,206,250000,824000,0,0
21.2,704,500,204,250000,816000,0,0
21.21,702,500,202,250000,808000,0,0
21.22,704,500,204,250000,816000,0,0
21.23,706,500,206,250000,824000,0,0
21.24,704,500,204,250000,816000,0,0
21.25,703,500,203,250000,812000,0,0
21.26,704,500,204,250000,816000,0,0
21.27,709,500,209,250000,836000,0,0
21.28,705,500,205,250000,820000,0,0
21.29,703,500,203,250000,812000,0,0
21.3,703,500,203,250000,812000,0,0
21.31,705,500,205,250000,820000,0,0
21.32,704,500,204,250000,816000,0,0
21.33,702,500,202,250000,808000,0,0
21.34,703,500,203,250000,812000,0,0
21.35,706,500,206,250000,824000,0,0
21.36,706,500,206,250000,824000,0,0
21.37,703,500,203,250000,812000,0,0
21.38,703,500,203,250000,812000,0,0
21.39,706,500,206,250000,824000,0,0
21.4,704,500,204,250000,816000,0,0
21.41,701,500,201,250000,804000,0,0
21.42,703,500,203,250000,812000,0,0
21.43,704,500,204,250000,816000,0,0
21.44,706,500,206,250000,824000,0,0
21.45,703,500,203,250000,812000,0,0
21.46,704,500,204,250000,816000,0,0
21.47,706,500,206,250000,824000,0,0
21.48,706,500,206,250000,824000,0,0
21.49,703,500,203,250000,812000,0,0
21.5,703,500,203,250000,812000,0,0
21.51,706,500,206,250000,824000,0,0
21.52,706,500,206,250000,824000,0,0
21.53,704,500,204,250000,816000,0,0
21.54,701,500,201,250000,804000,0,0
21.55,705,500,205,250000,820000,0,0
21.56,706,500,206,250000,824000,0,0
21.57,704,500,204,250000,816000,0,0
21.58,703,500,203,250000,812000,0,0
