0.0,707,500,207,250000,828000,0,0
42949670.95,586,500,86,250000,344000,0,0
42949670.96,704,500,204,250000,816000,0,0
42949670.97,704,500,204,250000,816000,0,0
42949670.98,704,500,204,250000,816000,0,0
42949670.99,705,500,205,250000,820000,0,0
42949671.0,706,500,206,250000,824000,0,0
42949671.01,706,500,206,250000,824000,0,0
42949671.02,704,500,204,250000,816000,0,0
42949671.03,704,500,204,250000,816000,0,0
42949671.04,707,500,207,250000,828000,0,0
42949671.05,706,500,206,250000,824000,0,0
42949671.06,704,500,204,250000,816000,0,0
42949671.07,704,500,204,250000,816000,0,0
42949671.08,707,500,207,250000,828000,0,0
42949671.09,706,500,206,250000,824000,0,0
42949671.1,704,500,204,250000,816000,0,0
42949671.11,704,500,204,250000,816000,0,0
42949671.12,705,500,205,250000,820000,0,0
42949671.13,706,500,206,250000,824000,0,0
42949671.14,704,500,204,250000,816000,0,0
42949671.15,704,500,204,250000,816000,0,0
42949671.16,706,500,206,250000,824000,0,0
42949671.17,706,500,206,250000,824000,0,0
42949671.18,704,500,204,250000,816000,0,0
42949671.19,704,500,204,250000,816000,0,0
42949671.2,706,500,206,250000,824000,0,0
42949671.21,706,500,206,250000,824000,0,0
42949671.22,706,500,206,250000,824000,0,0
42949671.23,704,500,204,250000,816000,0,0
42949671.24,706,500,206,250000,824000,0,0
42949671.25,707,500,207,250000,828000,0,0
42949671.26,704,500,204,250000,816000,0,0
42949671.27,704,500,204,250000,816000,0,0
42949671.28,704,500,204,250000,816000,0,0
42949671.29,706,500,206,250000,824000,0,0
42949671.3,704,500,204,250000,816000,0,0
42949671.31,704,500,204,250000,816000,0,0
42949671.32,705,500,205,250000,820000,0,0
42949671.33,707,500,207,250000,828000,0,0
42949671.34,705,500,205,250000,820000,0,0
42949671.35,703,500,203,250000,812000,0,0
42949671.36,705,500,205,250000,820000,0,0
42949671.37,707,500,207,250000,828000,0,0
42949671.38,706,500,206,250000,824000,0,0
42949671.39,704,500,204,250000,816000,0,0
42949671.4,706,500,206,250000,824000,0,0
42949671.41,708,500,208,250000,832000,0,0
42949671.42,706,500,206,250000,824000,0,0
42949671.43,705,500,205,250000,820000,0,0
42949671.44,705,500,205,250000,820000,0,0
42949671.45,707,500,207,250000,828000,0,0
42949671.46,706,500,206,250000,824000,0,0
42949671.47,704,500,204,250000,816000,0,0
42949671.48,706,500,206,250000,824000,0,0
42949671.49,709,500,209,250000,836000,0,0
42949671.5,706,500,206,250000,824000,0,0
42949671.51,704,500,204,250000,816000,0,0
42949671.52,706,500,206,250000,824000,0,0
42949671.53,708,500,208,250000,832000,0,0
42949671.54,707,500,207,250000,828000,0,0
42949671.55,704,500,204,250000,816000,0,0
42949671.56,705,500,205,250000,820000,0,0
42949671.57,708,500,208,250000,832000,0,0
42949671.58,707,500,207,250000,828000,0,0
42949671.59,705,500,205,250000,820000,0,0
42949671.6,706,500,206,250000,824000,0,0
42949671.61,707,500,207,250000,828000,0,0
42949671.62,707,500,207,250000,828000,0,0
42949671.63,704,500,204,250000,816000,0,0
42949671.64,706,500,206,250000,824000,0,0
42949671.65,707,500,207,250000,828000,0,0
42949671.66,707,500,207,250000,828000,0,0
42949671.67,702,500,202,250000,808000,0,0
42949671.68,706,500,206,250000,824000,0,0
42949671.69,707,500,207,250000,828000,0,0
42949671.7,707,500,207,250000,828000,0,0
42949671.71,704,500,204,250000,816000,0,0
42949671.72,704,500,204,250000,816000,0,0
42949671.73,707,500,207,250000,828000,0,0
42949671.74,707,500,207,250000,828000,0,0
42949671.75,704,500,204,250000,816000,0,0
42949671.76,705,500,205,250000,820000,0,0
42949671.77,708,500,208,250000,832000,0,0
42949671.78,707,500,207,250000,828000,0,0
42949671.79,705,500,205,250000,820000,0,0
42949671.8,705,500,205,250000,820000,0,0
42949671.81,706,500,206,250000,824000,0,0
42949671.82,707,500,207,250000,828000,0,0
42949671.83,704,500,204,250000,816000,0,0
42949671.84,705,500,205,250000,820000,0,0
42949671.85,707,500,207,250000,828000,0,0
42949671.86,708,500,208,250000,832000,0,0
42949671.87,706,500,206,250000,824000,0,0
42949671.88,704,500,204,250000,816000,0,0
42949671.89,707,500,207,250000,828000,0,0
42949671.9,707,500,207,250000,828000,0,0
42949671.91,705,500,205,250000,820000,0,0
42949671.92,704,500,204,250000,816000,0,0
42949671.93,706,500,206,250000,824000,0,0
42949671.94,708,500,208,250000,832000,0,0
42949671.95,706,500,206,250000,824000,0,0
42949671.96,704,500,204,250000,816000,0,0
42949671.97,706,500,206,250000,824000,0,0
42949671.98,709,500,209,250000,836000,0,0
42949671.99,706,500,206,250000,824000,0,0
42949672.0,704,500,204,250000,816000,0,0
42949672.01,706,500,206,250000,824000,0,0
42949672.02,707,500,207,250000,828000,0,0
42949672.03,707,500,207,250000,828000,0,0
42949672.04,704,500,204,250000,816000,0,0
42949672.05,706,500,206,250000,824000,0,0
42949672.06,707,500,207,250000,828000,0,0
42949672.07,706,500,206,250000,824000,0,0
42949672.08,701,500,201,250000,804000,0,0
42949672.09,707,500,207,250000,828000,0,0
42949672.1,707,500,207,250000,828000,0,0
42949672.11,706,500,206,250000,824000,0,0
42949672.12,704,500,204,250000,816000,0,0
42949672.13,706,500,206,250000,824000,0,0
42949672.14,707,500,207,250000,828000,0,0
42949672.15,706,500,206,250000,824000,0,0
42949672.16,704,500,204,250000,816000,0,0
42949672.17,706,500,206,250000,824000,0,0
42949672.18,707,500,207,250000,828000,0,0
42949672.19,706,500,206,250000,824000,0,0
42949672.2,704,500,204,250000,816000,0,0
42949672.21,705,500,205,250000,820000,0,0
42949672.22,707,500,207,250000,828000,0,0
42949672.23,707,500,207,250000,828000,0,0
42949672.24,704,500,204,250000,816000,0,0
42949672.25,706,500,206,250000,824000,0,0
42949672.26,707,500,207,250000,828000,0,0
42949672.27,706,500,206,250000,824000,0,0
42949672.28,704,500,204,250000,816000,0,0
42949672.29,705,500,205,250000,820000,0,0
42949672.3,709,500,209,250000,836000,0,0
42949672.31,706,500,206,250000,824000,0,0
42949672.32,704,500,204,250000,816000,0,0
42949672.33,706,500,206,250000,824000,0,0
42949672.34,707,500,207,250000,828000,0,0
42949672.35,707,500,207,250000,828000,0,0
42949672.36,705,500,205,250000,820000,0,0
42949672.37,707,500,207,250000,828000,0,0
42949672.38,706,500,206,250000,824000,0,0
42949672.39,706,500,206,250000,824000,0,0
42949672.4,703,500,203,250000,812000,0,0
42949672.41,704,500,204,250000,816000,0,0
42949672.42,706,500,206,250000,824000,0,0
42949672.43,706,500,206,250000,824000,0,0
42949672.44,704,500,204,250000,816000,0,0
42949672.45,704,500,204,250000,816000,0,0
42949672.46,705,500,205,250000,820000,0,0
42949672.47,706,500,206,250000,824000,0,0
42949672.48,704,500,204,250000,816000,0,0
42949672.49,704,500,204,250000,816000,0,0
42949672.5,706,500,206,250000,824000,0,0
42949672.51,706,500,206,250000,824000,0,0
42949672.52,704,500,204,250000,816000,0,0
42949672.53,703,500,203,250000,812000,0,0
42949672.54,706,500,206,250000,824000,0,0
42949672.55,706,500,206,250000,824000,0,0
42949672.56,704,500,204,250000,816000,0,0
42949672.57,701,500,201,250000,804000,0,0
42949672.58,706,500,206,250000,824000,0,0
42949672.59,704,500,204,250000,816000,0,0
42949672.6,704,500,204,250000,816000,0,0
42949672.61,704,500,204,250000,816000,0,0
42949672.62,705,500,205,250000,820000,0,0
42949672.63,706,500,206,250000,824000,0,0
42949672.64,704,500,204,250000,816000,0,0
42949672.65,703,500,203,250000,812000,0,0
42949672.66,706,500,206,250000,824000,0,0
42949672.67,707,500,207,250000,828000,0,0
42949672.68,707,500,207,250000,828000,0,0
42949672.69,703,500,203,250000,812000,0,0
42949672.7,706,500,206,250000,824000,0,0
42949672.71,707,500,207,250000,828000,0,0
42949672.72,704,500,204,250000,816000,0,0
42949672.73,703,500,203,250000,812000,0,0
42949672.74,704,500,204,250000,816000,0,0
42949672.75,707,500,207,250000,828000,0,0
42949672.76,704,500,204,250000,816000,0,0
42949672.77,704,500,204,250000,816000,0,0
42949672.78,705,500,205,250000,820000,0,0
42949672.79,707,500,207,250000,828000,0,0
42949672.8,704,500,204,250000,816000,0,0
42949672.81,703,500,203,250000,812000,0,0
42949672.82,704,500,204,250000,816000,0,0
42949672.83,706,500,206,250000,824000,0,0
42949672.84,705,500,205,250000,820000,0,0
42949672.85,703,500,203,250000,812000,0,0
42949672.86,708,500,208,250000,832000,0,0
42949672.87,706,500,206,250000,824000,0,0
42949672.88,705,500,205,250000,820000,0,0
42949672.89,702,500,202,250000,808000,0,0
42949672.9,704,500,204,250000,816000,0,0
42949672.91,707,500,207,250000,828000,0,0
42949672.92,705,500,205,250000,820000,0,0
42949672.93,704,500,204,250000,816000,0,0
42949672.94,704,500,204,250000,816000,0,0
42949672.95,706,500,206,250000,824000,0,0
0.0,705,500,205,250000,820000,0,0
0.01,704,500,204,250000,816000,0,0
0.02,704,500,204,250000,816000,0,0
0.03,706,500,206,250000,824000,0,0
0.04,706,500,206,250000,824000,0,0
0.05,703,500,203,250000,812000,0,0
0.06,704,500,204,250000,816000,0,0
0.07,707,500,207,250000,828000,0,0
0.08,706,500,206,250000,824000,0,0
0.09,704,500,204,250000,816000,0,0
0.1,704,500,204,250000,816000,0,0
0.11,706,500,206,250000,824000,0,0
0.12,706,500,206,250000,824000,0,0
0.13,704,500,204,250000,816000,0,0
0.14,704,500,204,250000,816000,0,0
0.15,706,500,206,250000,824000,0,0
0.16,705,500,205,250000,820000,0,0
0.17,704,500,204,250000,816000,0,0
0.18,704,500,204,250000,816000,0,0
0.19,706,500,206,250000,824000,0,0
0.2,706,500,206,250000,824000,0,0
0.21,704,500,204,250000,816000,0,0
0.22,703,500,203,250000,812000,0,0
0.23,706,500,206,250000,824000,0,0
0.24,706,500,206,250000,824000,0,0
0.25,704,500,204,250000,816000,0,0
0.26,704,500,204,250000,816000,0,0
0.27,705,500,205,250000,820000,0,0
0.28,707,500,207,250000,828000,0,0
0.29,705,500,205,250000,820000,0,0
0.3,704,500,204,250000,816000,0,0
0.31,706,500,206,250000,824000,0,0
0.32,706,500,206,250000,824000,0,0
0.33,704,500,204,250000,816000,0,0
0.34,703,500,203,250000,812000,0,0
0.35,706,500,206,250000,824000,0,0
0.36,706,500,206,250000,824000,0,0
0.37,704,500,204,250000,816000,0,0
0.38,704,500,204,250000,816000,0,0
0.39,705,500,205,250000,820000,0,0
0.4,706,500,206,250000,824000,0,0
0.41,704,500,204,250000,816000,0,0
0.42,704,500,204,250000,816000,0,0
0.43,706,500,206,250000,824000,0,0
0.44,707,500,207,250000,828000,0,0
0.45,706,500,206,250000,824000,0,0
0.46,704,500,204,250000,816000,0,0
0.47,706,500,206,250000,824000,0,0
0.48,708,500,208,250000,832000,0,0
0.49,706,500,206,250000,824000,0,0
0.5,706,500,206,250000,824000,0,0
0.51,706,500,206,250000,824000,0,0
0.52,707,500,207,250000,828000,0,0
0.53,706,500,206,250000,824000,0,0
0.54,704,500,204,250000,816000,0,0
0.55,706,500,206,250000,824000,0,0
0.56,707,500,207,250000,828000,0,0
0.57,706,500,206,250000,824000,0,0
0.58,704,500,204,250000,816000,0,0
0.59,706,500,206,250000,824000,0,0
0.6,708,500,208,250000,832000,0,0
0.61,706,500,206,250000,824000,0,0
0.62,704,500,204,250000,816000,0,0
0.63,706,500,206,250000,824000,0,0
0.64,708,500,208,250000,832000,0,0
0.65,706,500,206,250000,824000,0,0
0.66,704,500,204,250000,816000,0,0
0.67,706,500,206,250000,824000,0,0
0.68,708,500,208,250000,832000,0,0
0.69,706,500,206,250000,824000,0,0
0.7,704,500,204,250000,816000,0,0
0.71,705,500,205,250000,820000,0,0
0.72,707,500,207,250000,828000,0,0
0.73,706,500,206,250000,824000,0,0
0.74,704,500,204,250000,816000,0,0
0.75,706,500,206,250000,824000,0,0
0.76,708,500,208,250000,832000,0,0
0.77,707,500,207,250000,828000,0,0
0.78,704,500,204,250000,816000,0,0
0.79,704,500,204,250000,816000,0,0
0.8,707,500,207,250000,828000,0,0
0.81,707,500,207,250000,828000,0,0
0.82,704,500,204,250000,816000,0,0
0.83,705,500,205,250000,820000,0,0
0.84,706,500,206,250000,824000,0,0
0.85,707,500,207,250000,828000,0,0
0.86,704,500,204,250000,816000,0,0
0.87,704,500,204,250000,816000,0,0
0.88,707,500,207,250000,828000,0,0
0.89,706,500,206,250000,824000,0,0
0.9,705,500,205,250000,820000,0,0
0.91,704,500,204,250000,816000,0,0
0.92,707,500,207,250000,828000,0,0
0.93,707,500,207,250000,828000,0,0
0.94,706,500,206,250000,824000,0,0
0.95,705,500,205,250000,820000,0,0
0.96,707,500,207,250000,828000,0,0
0.97,707,500,207,250000,828000,0,0
0.98,704,500,204,250000,816000,0,0
0.99,704,500,204,250000,816000,0,0
1.0,707,500,207,250000,828000,0,0
1.01,708,500,208,250000,832000,0,0
1.02,705,500,205,250000,820000,0,0
1.03,705,500,205,250000,820000,0,0
1.04,708,500,208,250000,832000,0,0
1.05,707,500,207,250000,828000,0,0
1.06,706,500,206,250000,824000,0,0
1.07,704,500,204,250000,816000,0,0
1.08,707,500,207,250000,828000,0,0
1.09,707,500,207,250000,828000,0,0
1.1,705,500,205,250000,820000,0,0
1.11,704,500,204,250000,816000,0,0
1.12,706,500,206,250000,824000,0,0
1.13,708,500,208,250000,832000,0,0
1.14,705,500,205,250000,820000,0,0
1.15,704,500,204,250000,816000,0,0
1.16,706,500,206,250000,824000,0,0
1.17,707,500,207,250000,828000,0,0
1.18,706,500,206,250000,824000,0,0
1.19,704,500,204,250000,816000,0,0
1.2,706,500,206,250000,824000,0,0
1.21,708,500,208,250000,832000,0,0
1.22,706,500,206,250000,824000,0,0
1.23,704,500,204,250000,816000,0,0
1.24,706,500,206,250000,824000,0,0
1.25,707,500,207,250000,828000,0,0
1.26,706,500,206,250000,824000,0,0
1.27,704,500,204,250000,816000,0,0
1.28,705,500,205,250000,820000,0,0
1.29,707,500,207,250000,828000,0,0
1.3,706,500,206,250000,824000,0,0
1.31,706,500,206,250000,824000,0,0
1.32,706,500,206,250000,824000,0,0
1.33,708,500,208,250000,832000,0,0
1.34,706,500,206,250000,824000,0,0
1.35,705,500,205,250000,820000,0,0
1.36,706,500,206,250000,824000,0,0
1.37,708,500,208,250000,832000,0,0
1.38,706,500,206,250000,824000,0,0
1.39,704,500,204,250000,816000,0,0
1.4,706,500,206,250000,824000,0,0
1.41,707,500,207,250000,828000,0,0
1.42,706,500,206,250000,824000,0,0
1.43,704,500,204,250000,816000,0,0
1.44,704,500,204,250000,816000,0,0
1.45,706,500,206,250000,824000,0,0
1.46,706,500,206,250000,824000,0,0
1.47,703,500,203,250000,812000,0,0
1.48,704,500,204,250000,816000,0,0
1.49,706,500,206,250000,824000,0,0
1.5,706,500,206,250000,824000,0,0
1.51,703,500,203,250000,812000,0,0
1.52,704,500,204,250000,816000,0,0
1.53,707,500,207,250000,828000,0,0
1.54,706,500,206,250000,824000,0,0
1.55,703,500,203,250000,812000,0,0
1.56,703,500,203,250000,812000,0,0
1.57,706,500,206,250000,824000,0,0
1.58,706,500,206,250000,824000,0,0
1.59,704,500,204,250000,816000,0,0
1.6,704,500,204,250000,816000,0,0
1.61,706,500,206,250000,824000,0,0
1.62,705,500,205,250000,820000,0,0
1.63,704,500,204,250000,816000,0,0
1.64,704,500,204,250000,816000,0,0
1.65,706,500,206,250000,824000,0,0
1.66,706,500,206,250000,824000,0,0
1.67,704,500,204,250000,816000,0,0
1.68,704,500,204,250000,816000,0,0
1.69,705,500,205,250000,820000,0,0
1.7,707,500,207,250000,828000,0,0
1.71,704,500,204,250000,816000,0,0
1.72,704,500,204,250000,816000,0,0
1.73,706,500,206,250000,824000,0,0
1.74,706,500,206,250000,824000,0,0
1.75,704,500,204,250000,816000,0,0
1.76,703,500,203,250000,812000,0,0
1.77,706,500,206,250000,824000,0,0
1.78,706,500,206,250000,824000,0,0
1.79,704,500,204,250000,816000,0,0
1.8,703,500,203,250000,812000,0,0
1.81,705,500,205,250000,820000,0,0
1.82,706,500,206,250000,824000,0,0
1.83,704,500,204,250000,816000,0,0
1.84,704,500,204,250000,816000,0,0
1.85,705,500,205,250000,820000,0,0
1.86,706,500,206,250000,824000,0,0
1.87,704,500,204,250000,816000,0,0
1.88,704,500,204,250000,816000,0,0
1.89,706,500,206,250000,824000,0,0
1.9,706,500,206,250000,824000,0,0
1.91,705,500,205,250000,820000,0,0
1.92,703,500,203,250000,812000,0,0
1.93,705,500,205,250000,820000,0,0
1.94,707,500,207,250000,828000,0,0
1.95,704,500,204,250000,816000,0,0
1.96,703,500,203,250000,812000,0,0
1.97,705,500,205,250000,820000,0,0
1.98,708,500,208,250000,832000,0,0
1.99,704,500,204,250000,816000,0,0
2.0,702,500,202,250000,808000,0,0
2.01,705,500,205,250000,820000,0,0
2.02,706,500,206,250000,824000,0,0
2.03,705,500,205,250000,820000,0,0
2.04,703,500,203,250000,812000,0,0
2.05,704,500,204,250000,816000,0,0
2.06,706,500,206,250000,824000,0,0
2.07,706,500,206,250000,824000,0,0
2.08,704,500,204,250000,816000,0,0
2.09,704,500,204,250000,816000,0,0
2.1,706,500,206,250000,824000,0,0
2.11,706,500,206,250000,824000,0,0
2.12,702,500,202,250000,808000,0,0
2.13,704,500,204,250000,816000,0,0
2.14,706,500,206,250000,824000,0,0
2.15,705,500,205,250000,820000,0,0
2.16,704,500,204,250000,816000,0,0
2.17,704,500,204,250000,816000,0,0
2.18,706,500,206,250000,824000,0,0
2.19,706,500,206,250000,824000,0,0
2.2,704,500,204,250000,816000,0,0
2.21,706,500,206,250000,824000,0,0
2.22,709,500,209,250000,836000,0,0
2.23,706,500,206,250000,824000,0,0
2.24,704,500,204,250000,816000,0,0
2.25,704,500,204,250000,816000,0,0
2.26,706,500,206,250000,824000,0,0
2.27,706,500,206,250000,824000,0,0
2.28,704,500,204,250000,816000,0,0
2.29,704,500,204,250000,816000,0,0
2.3,706,500,206,250000,824000,0,0
2.31,706,500,206,250000,824000,0,0
2.32,704,500,204,250000,816000,0,0
2.33,703,500,203,250000,812000,0,0
2.34,706,500,206,250000,824000,0,0
2.35,706,500,206,250000,824000,0,0
2.36,704,500,204,250000,816000,0,0
2.37,704,500,204,250000,816000,0,0
2.38,706,500,206,250000,824000,0,0
2.39,706,500,206,250000,824000,0,0
2.4,704,500,204,250000,816000,0,0
2.41,704,500,204,250000,816000,0,0
2.42,708,500,208,250000,832000,0,0
2.43,709,500,209,250000,836000,0,0
2.44,705,500,205,250000,820000,0,0
2.45,705,500,205,250000,820000,0,0
2.46,707,500,207,250000,828000,0,0
2.47,707,500,207,250000,828000,0,0
2.48,706,500,206,250000,824000,0,0
2.49,704,500,204,250000,816000,0,0
2.5,707,500,207,250000,828000,0,0
2.51,707,500,207,250000,828000,0,0
2.52,706,500,206,250000,824000,0,0
2.53,704,500,204,250000,816000,0,0
2.54,706,500,206,250000,824000,0,0
2.55,708,500,208,250000,832000,0,0
2.56,705,500,205,250000,820000,0,0
2.57,704,500,204,250000,816000,0,0
2.58,706,500,206,250000,824000,0,0
2.59,707,500,207,250000,828000,0,0
2.6,705,500,205,250000,820000,0,0
2.61,704,500,204,250000,816000,0,0
2.62,706,500,206,250000,824000,0,0
2.63,711,500,211,250000,844000,0,0
2.64,705,500,205,250000,820000,0,0
2.65,705,500,205,250000,820000,0,0
2.66,706,500,206,250000,824000,0,0
2.67,708,500,208,250000,832000,0,0
2.68,706,500,206,250000,824000,0,0
2.69,704,500,204,250000,816000,0,0
2.7,706,500,206,250000,824000,0,0
2.71,707,500,207,250000,828000,0,0
2.72,706,500,206,250000,824000,0,0
2.73,704,500,204,250000,816000,0,0
2.74,706,500,206,250000,824000,0,0
2.75,707,500,207,250000,828000,0,0
2.76,706,500,206,250000,824000,0,0
2.77,705,500,205,250000,820000,0,0
2.78,706,500,206,250000,824000,0,0
2.79,708,500,208,250000,832000,0,0
2.8,706,500,206,250000,824000,0,0
2.81,704,500,204,250000,816000,0,0
2.82,705,500,205,250000,820000,0,0
2.83,708,500,208,250000,832000,0,0
2.84,707,500,207,250000,828000,0,0
2.85,704,500,204,250000,816000,0,0
2.86,705,500,205,250000,820000,0,0
2.87,708,500,208,250000,832000,0,0
2.88,706,500,206,250000,824000,0,0
2.89,704,500,204,250000,816000,0,0
2.9,704,500,204,250000,816000,0,0
2.91,709,500,209,250000,836000,0,0
2.92,707,500,207,250000,828000,0,0
2.93,705,500,205,250000,820000,0,0
2.94,705,500,205,250000,820000,0,0
2.95,707,500,207,250000,828000,0,0
2.96,706,500,206,250000,824000,0,0
2.97,704,500,204,250000,816000,0,0
2.98,705,500,205,250000,820000,0,0
2.99,707,500,207,250000,828000,0,0
3.0,707,500,207,250000,828000,0,0
3.01,704,500,204,250000,816000,0,0
3.02,705,500,205,250000,820000,0,0
3.03,707,500,207,250000,828000,0,0
3.04,707,500,207,250000,828000,0,0
3.05,705,500,205,250000,820000,0,0
3.06,704,500,204,250000,816000,0,0
3.07,706,500,206,250000,824000,0,0
3.08,709,500,209,250000,836000,0,0
3.09,706,500,206,250000,824000,0,0
3.1,704,500,204,250000,816000,0,0
3.11,707,500,207,250000,828000,0,0
3.12,708,500,208,250000,832000,0,0
3.13,705,500,205,250000,820000,0,0
3.14,704,500,204,250000,816000,0,0
3.15,707,500,207,250000,828000,0,0
3.16,708,500,208,250000,832000,0,0
3.17,704,500,204,250000,816000,0,0
3.18,705,500,205,250000,820000,0,0
3.19,706,500,206,250000,824000,0,0
3.2,708,500,208,250000,832000,0,0
3.21,706,500,206,250000,824000,0,0
3.22,704,500,204,250000,816000,0,0
3.23,707,500,207,250000,828000,0,0
3.24,706,500,206,250000,824000,0,0
3.25,705,500,205,250000,820000,0,0
3.26,704,500,204,250000,816000,0,0
3.27,706,500,206,250000,824000,0,0
3.28,709,500,209,250000,836000,0,0
3.29,705,500,205,250000,820000,0,0
3.3,705,500,205,250000,820000,0,0
3.31,708,500,208,250000,832000,0,0
3.32,706,500,206,250000,824000,0,0
3.33,706,500,206,250000,824000,0,0
3.34,704,500,204,250000,816000,0,0
3.35,706,500,206,250000,824000,0,0
3.36,707,500,207,250000,828000,0,0
3.37,705,500,205,250000,820000,0,0
3.38,704,500,204,250000,816000,0,0
3.39,706,500,206,250000,824000,0,0
3.4,708,500,208,250000,832000,0,0
3.41,706,500,206,250000,824000,0,0
3.42,703,500,203,250000,812000,0,0
3.43,705,500,205,250000,820000,0,0
3.44,706,500,206,250000,824000,0,0
3.45,706,500,206,250000,824000,0,0
3.46,703,500,203,250000,812000,0,0
3.47,704,500,204,250000,816000,0,0
3.48,706,500,206,250000,824000,0,0
3.49,705,500,205,250000,820000,0,0
3.5,704,500,204,250000,816000,0,0
3.51,704,500,204,250000,816000,0,0
3.52,706,500,206,250000,824000,0,0
3.53,706,500,206,250000,824000,0,0
3.54,702,500,202,250000,808000,0,0
3.55,705,500,205,250000,820000,0,0
3.56,706,500,206,250000,824000,0,0
3.57,706,500,206,250000,824000,0,0
3.58,703,500,203,250000,812000,0,0
3.59,704,500,204,250000,816000,0,0
3.6,706,500,206,250000,824000,0,0
3.61,706,500,206,250000,824000,0,0
3.62,704,500,204,250000,816000,0,0
3.63,705,500,205,250000,820000,0,0
3.64,699,500,199,250000,796000,0,0
3.65,705,500,205,250000,820000,0,0
3.66,703,500,203,250000,812000,0,0
3.67,704,500,204,250000,816000,0,0
3.68,706,500,206,250000,824000,0,0
3.69,706,500,206,250000,824000,0,0
3.7,703,500,203,250000,812000,0,0
3.71,704,500,204,250000,816000,0,0
3.72,706,500,206,250000,824000,0,0
3.73,706,500,206,250000,824000,0,0
3.74,704,500,204,250000,816000,0,0
3.75,704,500,204,250000,816000,0,0
3.76,706,500,206,250000,824000,0,0
3.77,706,500,206,250000,824000,0,0
3.78,704,500,204,250000,816000,0,0
3.79,703,500,203,250000,812000,0,0
3.8,706,500,206,250000,824000,0,0
3.81,706,500,206,250000,824000,0,0
3.82,702,500,202,250000,808000,0,0
3.83,704,500,204,250000,816000,0,0
3.84,706,500,206,250000,824000,0,0
3.85,706,500,206,250000,824000,0,0
3.86,706,500,206,250000,824000,0,0
3.87,704,500,204,250000,816000,0,0
3.88,706,500,206,250000,824000,0,0
3.89,706,500,206,250000,824000,0,0
3.9,704,500,204,250000,816000,0,0
3.91,704,500,204,250000,816000,0,0
3.92,706,500,206,250000,824000,0,0
3.93,706,500,206,250000,824000,0,0
3.94,704,500,204,250000,816000,0,0
3.95,703,500,203,250000,812000,0,0
3.96,705,500,205,250000,820000,0,0
3.97,707,500,207,250000,828000,0,0
3.98,705,500,205,250000,820000,0,0
3.99,703,500,203,250000,812000,0,0
4.0,706,500,206,250000,824000,0,0
4.01,706,500,206,250000,824000,0,0
4.02,704,500,204,250000,816000,0,0
4.03,704,500,204,250000,816000,0,0
4.04,704,500,204,250000,816000,0,0
4.05,706,500,206,250000,824000,0,0
4.06,705,500,205,250000,820000,0,0
4.07,703,500,203,250000,812000,0,0
4.08,705,500,205,250000,820000,0,0
4.09,706,500,206,250000,824000,0,0
4.1,704,500,204,250000,816000,0,0
4.11,703,500,203,250000,812000,0,0
4.12,704,500,204,250000,816000,0,0
4.13,706,500,206,250000,824000,0,0
4.14,705,500,205,250000,820000,0,0
4.15,704,500,204,250000,816000,0,0
4.16,707,500,207,250000,828000,0,0
4.17,706,500,206,250000,824000,0,0
4.18,705,500,205,250000,820000,0,0
4.19,703,500,203,250000,812000,0,0
4.2,704,500,204,250000,816000,0,0
4.21,707,500,207,250000,828000,0,0
4.22,705,500,205,250000,820000,0,0
4.23,704,500,204,250000,816000,0,0
4.24,704,500,204,250000,816000,0,0
4.25,706,500,206,250000,824000,0,0
4.26,706,500,206,250000,824000,0,0
4.27,706,500,206,250000,824000,0,0
4.28,704,500,204,250000,816000,0,0
4.29,706,500,206,250000,824000,0,0
4.3,706,500,206,250000,824000,0,0
4.31,704,500,204,250000,816000,0,0
4.32,704,500,204,250000,816000,0,0
4.33,706,500,206,250000,824000,0,0
4.34,705,500,205,250000,820000,0,0
4.35,703,500,203,250000,812000,0,0
4.36,704,500,204,250000,816000,0,0
4.37,706,500,206,250000,824000,0,0
4.38,706,500,206,250000,824000,0,0
4.39,704,500,204,250000,816000,0,0
4.4,704,500,204,250000,816000,0,0
4.41,707,500,207,250000,828000,0,0
4.42,705,500,205,250000,820000,0,0
4.43,706,500,206,250000,824000,0,0
4.44,704,500,204,250000,816000,0,0
4.45,708,500,208,250000,832000,0,0
4.46,706,500,206,250000,824000,0,0
4.47,704,500,204,250000,816000,0,0
4.48,705,500,205,250000,820000,0,0
4.49,706,500,206,250000,824000,0,0
4.5,707,500,207,250000,828000,0,0
4.51,704,500,204,250000,816000,0,0
4.52,704,500,204,250000,816000,0,0
4.53,707,500,207,250000,828000,0,0
4.54,707,500,207,250000,828000,0,0
4.55,705,500,205,250000,820000,0,0
4.56,704,500,204,250000,816000,0,0
4.57,707,500,207,250000,828000,0,0
4.58,708,500,208,250000,832000,0,0
4.59,705,500,205,250000,820000,0,0
4.6,704,500,204,250000,816000,0,0
4.61,707,500,207,250000,828000,0,0
4.62,708,500,208,250000,832000,0,0
4.63,706,500,206,250000,824000,0,0
4.64,704,500,204,250000,816000,0,0
4.65,707,500,207,250000,828000,0,0
4.66,708,500,208,250000,832000,0,0
4.67,705,500,205,250000,820000,0,0
4.68,704,500,204,250000,816000,0,0
4.69,706,500,206,250000,824000,0,0
4.7,708,500,208,250000,832000,0,0
4.71,705,500,205,250000,820000,0,0
4.72,704,500,204,250000,816000,0,0
4.73,706,500,206,250000,824000,0,0
4.74,708,500,208,250000,832000,0,0
4.75,706,500,206,250000,824000,0,0
4.76,704,500,204,250000,816000,0,0
4.77,706,500,206,250000,824000,0,0
4.78,709,500,209,250000,836000,0,0
4.79,706,500,206,250000,824000,0,0
4.8,704,500,204,250000,816000,0,0
4.81,706,500,206,250000,824000,0,0
4.82,708,500,208,250000,832000,0,0
4.83,706,500,206,250000,824000,0,0
4.84,704,500,204,250000,816000,0,0
4.85,706,500,206,250000,824000,0,0
4.86,707,500,207,250000,828000,0,0
4.87,706,500,206,250000,824000,0,0
4.88,704,500,204,250000,816000,0,0
4.89,705,500,205,250000,820000,0,0
4.9,709,500,209,250000,836000,0,0
4.91,706,500,206,250000,824000,0,0
4.92,704,500,204,250000,816000,0,0
4.93,706,500,206,250000,824000,0,0
4.94,707,500,207,250000,828000,0,0
4.95,706,500,206,250000,824000,0,0
4.96,704,500,204,250000,816000,0,0
4.97,704,500,204,250000,816000,0,0
4.98,707,500,207,250000,828000,0,0
4.99,706,500,206,250000,824000,0,0
5.0,704,500,204,250000,816000,0,0
5.01,705,500,205,250000,820000,0,0
5.02,708,500,208,250000,832000,0,0
5.03,707,500,207,250000,828000,0,0
5.04,705,500,205,250000,820000,0,0
5.05,704,500,204,250000,816000,0,0
5.06,707,500,207,250000,828000,0,0
5.07,707,500,207,250000,828000,0,0
5.08,705,500,205,250000,820000,0,0
5.09,704,500,204,250000,816000,0,0
5.1,707,500,207,250000,828000,0,0
5.11,707,500,207,250000,828000,0,0
5.12,704,500,204,250000,816000,0,0
5.13,705,500,205,250000,820000,0,0
5.14,707,500,207,250000,828000,0,0
5.15,708,500,208,250000,832000,0,0
5.16,705,500,205,250000,820000,0,0
5.17,704,500,204,250000,816000,0,0
5.18,704,500,204,250000,816000,0,0
5.19,707,500,207,250000,828000,0,0
5.2,705,500,205,250000,820000,0,0
5.21,704,500,204,250000,816000,0,0
5.22,706,500,206,250000,824000,0,0
5.23,707,500,207,250000,828000,0,0
5.24,704,500,204,250000,816000,0,0
5.25,704,500,204,250000,816000,0,0
5.26,706,500,206,250000,824000,0,0
5.27,707,500,207,250000,828000,0,0
5.28,705,500,205,250000,820000,0,0
5.29,702,500,202,250000,808000,0,0
5.3,707,500,207,250000,828000,0,0
5.31,707,500,207,250000,828000,0,0
5.32,706,500,206,250000,824000,0,0
5.33,704,500,204,250000,816000,0,0
5.34,706,500,206,250000,824000,0,0
5.35,707,500,207,250000,828000,0,0
5.36,706,500,206,250000,824000,0,0
5.37,704,500,204,250000,816000,0,0
5.38,707,500,207,250000,828000,0,0
5.39,706,500,206,250000,824000,0,0
5.4,706,500,206,250000,824000,0,0
5.41,704,500,204,250000,816000,0,0
5.42,705,500,205,250000,820000,0,0
5.43,706,500,206,250000,824000,0,0
5.44,704,500,204,250000,816000,0,0
5.45,704,500,204,250000,816000,0,0
5.46,705,500,205,250000,820000,0,0
5.47,707,500,207,250000,828000,0,0
5.48,706,500,206,250000,824000,0,0
5.49,703,500,203,250000,812000,0,0
5.5,705,500,205,250000,820000,0,0
5.51,706,500,206,250000,824000,0,0
5.52,705,500,205,250000,820000,0,0
5.53,703,500,203,250000,812000,0,0
5.54,704,500,204,250000,816000,0,0
5.55,706,500,206,250000,824000,0,0
5.56,705,500,205,250000,820000,0,0
5.57,703,500,203,250000,812000,0,0
5.58,705,500,205,250000,820000,0,0
5.59,706,500,206,250000,824000,0,0
5.6,705,500,205,250000,820000,0,0
5.61,703,500,203,250000,812000,0,0
5.62,704,500,204,250000,816000,0,0
5.63,707,500,207,250000,828000,0,0
5.64,704,500,204,250000,816000,0,0
5.65,704,500,204,250000,816000,0,0
5.66,704,500,204,250000,816000,0,0
5.67,706,500,206,250000,824000,0,0
5.68,705,500,205,250000,820000,0,0
5.69,703,500,203,250000,812000,0,0
5.7,704,500,204,250000,816000,0,0
5.71,706,500,206,250000,824000,0,0
5.72,705,500,205,250000,820000,0,0
5.73,704,500,204,250000,816000,0,0
5.74,704,500,204,250000,816000,0,0
5.75,706,500,206,250000,824000,0,0
5.76,705,500,205,250000,820000,0,0
5.77,704,500,204,250000,816000,0,0
5.78,704,500,204,250000,816000,0,0
5.79,706,500,206,250000,824000,0,0
5.8,706,500,206,250000,824000,0,0
5.81,703,500,203,250000,812000,0,0
5.82,704,500,204,250000,816000,0,0
5.83,706,500,206,250000,824000,0,0
5.84,706,500,206,250000,824000,0,0
5.85,704,500,204,250000,816000,0,0
5.86,704,500,204,250000,816000,0,0
5.87,706,500,206,250000,824000,0,0
5.88,706,500,206,250000,824000,0,0
5.89,703,500,203,250000,812000,0,0
5.9,704,500,204,250000,816000,0,0
5.91,706,500,206,250000,824000,0,0
5.92,706,500,206,250000,824000,0,0
5.93,704,500,204,250000,816000,0,0
5.94,704,500,204,250000,816000,0,0
5.95,706,500,206,250000,824000,0,0
5.96,706,500,206,250000,824000,0,0
5.97,704,500,204,250000,816000,0,0
5.98,704,500,204,250000,816000,0,0
5.99,706,500,206,250000,824000,0,0
6.0,707,500,207,250000,828000,0,0
6.01,704,500,204,250000,816000,0,0
6.02,704,500,204,250000,816000,0,0
6.03,706,500,206,250000,824000,0,0
6.04,706,500,206,250000,824000,0,0
6.05,704,500,204,250000,816000,0,0
6.06,702,500,202,250000,808000,0,0
6.07,705,500,205,250000,820000,0,0
6.08,707,500,207,250000,828000,0,0
6.09,704,500,204,250000,816000,0,0
6.1,704,500,204,250000,816000,0,0
6.11,705,500,205,250000,820000,0,0
6.12,707,500,207,250000,828000,0,0
6.13,704,500,204,250000,816000,0,0
6.14,704,500,204,250000,816000,0,0
6.15,705,500,205,250000,820000,0,0
6.16,706,500,206,250000,824000,0,0
6.17,705,500,205,250000,820000,0,0
6.18,701,500,201,250000,804000,0,0
6.19,704,500,204,250000,816000,0,0
6.2,707,500,207,250000,828000,0,0
6.21,705,500,205,250000,820000,0,0
6.22,703,500,203,250000,812000,0,0
6.23,705,500,205,250000,820000,0,0
6.24,706,500,206,250000,824000,0,0
6.25,706,500,206,250000,824000,0,0
6.26,704,500,204,250000,816000,0,0
6.27,704,500,204,250000,816000,0,0
6.28,707,500,207,250000,828000,0,0
6.29,705,500,205,250000,820000,0,0
6.3,704,500,204,250000,816000,0,0
6.31,705,500,205,250000,820000,0,0
6.32,706,500,206,250000,824000,0,0
6.33,706,500,206,250000,824000,0,0
6.34,701,500,201,250000,804000,0,0
6.35,704,500,204,250000,816000,0,0
6.36,706,500,206,250000,824000,0,0
6.37,706,500,206,250000,824000,0,0
6.38,704,500,204,250000,816000,0,0
6.39,708,500,208,250000,832000,0,0
6.4,707,500,207,250000,828000,0,0
6.41,705,500,205,250000,820000,0,0
6.42,704,500,204,250000,816000,0,0
6.43,705,500,205,250000,820000,0,0
6.44,706,500,206,250000,824000,0,0
6.45,707,500,207,250000,828000,0,0
6.46,704,500,204,250000,816000,0,0
6.47,704,500,204,250000,816000,0,0
6.48,708,500,208,250000,832000,0,0
6.49,712,500,212,250000,848000,0,0
6.5,705,500,205,250000,820000,0,0
6.51,705,500,205,250000,820000,0,0
6.52,707,500,207,250000,828000,0,0
6.53,708,500,208,250000,832000,0,0
6.54,704,500,204,250000,816000,0,0
6.55,704,500,204,250000,816000,0,0
6.56,706,500,206,250000,824000,0,0
6.57,706,500,206,250000,824000,0,0
6.58,706,500,206,250000,824000,0,0
6.59,704,500,204,250000,816000,0,0
6.6,708,500,208,250000,832000,0,0
6.61,707,500,207,250000,828000,0,0
6.62,703,500,203,250000,812000,0,0
6.63,704,500,204,250000,816000,0,0
6.64,707,500,207,250000,828000,0,0
6.65,707,500,207,250000,828000,0,0
6.66,705,500,205,250000,820000,0,0
6.67,706,500,206,250000,824000,0,0
6.68,707,500,207,250000,828000,0,0
6.69,707,500,207,250000,828000,0,0
6.7,706,500,206,250000,824000,0,0
6.71,705,500,205,250000,820000,0,0
6.72,709,500,209,250000,836000,0,0
6.73,708,500,208,250000,832000,0,0
6.74,706,500,206,250000,824000,0,0
6.75,704,500,204,250000,816000,0,0
6.76,706,500,206,250000,824000,0,0
6.77,707,500,207,250000,828000,0,0
6.78,705,500,205,250000,820000,0,0
6.79,703,500,203,250000,812000,0,0
6.8,706,500,206,250000,824000,0,0
6.81,707,500,207,250000,828000,0,0
6.82,706,500,206,250000,824000,0,0
6.83,704,500,204,250000,816000,0,0
6.84,706,500,206,250000,824000,0,0
6.85,708,500,208,250000,832000,0,0
6.86,705,500,205,250000,820000,0,0
6.87,704,500,204,250000,816000,0,0
6.88,706,500,206,250000,824000,0,0
6.89,709,500,209,250000,836000,0,0
6.9,706,500,206,250000,824000,0,0
6.91,704,500,204,250000,816000,0,0
6.92,706,500,206,250000,824000,0,0
6.93,706,500,206,250000,824000,0,0
6.94,704,500,204,250000,816000,0,0
6.95,703,500,203,250000,812000,0,0
6.96,705,500,205,250000,820000,0,0
6.97,707,500,207,250000,828000,0,0
6.98,706,500,206,250000,824000,0,0
6.99,704,500,204,250000,816000,0,0
7.0,705,500,205,250000,820000,0,0
7.01,707,500,207,250000,828000,0,0
7.02,706,500,206,250000,824000,0,0
7.03,705,500,205,250000,820000,0,0
7.04,705,500,205,250000,820000,0,0
7.05,708,500,208,250000,832000,0,0
7.06,706,500,206,250000,824000,0,0
7.07,704,500,204,250000,816000,0,0
7.08,705,500,205,250000,820000,0,0
7.09,707,500,207,250000,828000,0,0
7.1,706,500,206,250000,824000,0,0
7.11,704,500,204,250000,816000,0,0
7.12,705,500,205,250000,820000,0,0
7.13,706,500,206,250000,824000,0,0
7.14,706,500,206,250000,824000,0,0
7.15,704,500,204,250000,816000,0,0
7.16,704,500,204,250000,816000,0,0
7.17,707,500,207,250000,828000,0,0
7.18,706,500,206,250000,824000,0,0
7.19,704,500,204,250000,816000,0,0
7.2,705,500,205,250000,820000,0,0
7.21,707,500,207,250000,828000,0,0
7.22,707,500,207,250000,828000,0,0
7.23,704,500,204,250000,816000,0,0
7.24,705,500,205,250000,820000,0,0
7.25,707,500,207,250000,828000,0,0
7.26,706,500,206,250000,824000,0,0
7.27,704,500,204,250000,816000,0,0
7.28,705,500,205,250000,820000,0,0
7.29,706,500,206,250000,824000,0,0
7.3,707,500,207,250000,828000,0,0
7.31,706,500,206,250000,824000,0,0
7.32,703,500,203,250000,812000,0,0
7.33,708,500,208,250000,832000,0,0
7.34,706,500,206,250000,824000,0,0
7.35,706,500,206,250000,824000,0,0
7.36,704,500,204,250000,816000,0,0
7.37,706,500,206,250000,824000,0,0
7.38,707,500,207,250000,828000,0,0
7.39,705,500,205,250000,820000,0,0
7.4,704,500,204,250000,816000,0,0
7.41,706,500,206,250000,824000,0,0
7.42,707,500,207,250000,828000,0,0
7.43,702,500,202,250000,808000,0,0
7.44,703,500,203,250000,812000,0,0
7.45,705,500,205,250000,820000,0,0
7.46,706,500,206,250000,824000,0,0
7.47,704,500,204,250000,816000,0,0
7.48,704,500,204,250000,816000,0,0
7.49,706,500,206,250000,824000,0,0
7.5,706,500,206,250000,824000,0,0
7.51,704,500,204,250000,816000,0,0
7.52,704,500,204,250000,816000,0,0
7.53,704,500,204,250000,816000,0,0
7.54,707,500,207,250000,828000,0,0
7.55,704,500,204,250000,816000,0,0
7.56,703,500,203,250000,812000,0,0
7.57,705,500,205,250000,820000,0,0
7.58,707,500,207,250000,828000,0,0
7.59,705,500,205,250000,820000,0,0
7.6,702,500,202,250000,808000,0,0
7.61,704,500,204,250000,816000,0,0
7.62,706,500,206,250000,824000,0,0
7.63,705,500,205,250000,820000,0,0
7.64,702,500,202,250000,808000,0,0
7.65,704,500,204,250000,816000,0,0
7.66,706,500,206,250000,824000,0,0
7.67,705,500,205,250000,820000,0,0
7.68,703,500,203,250000,812000,0,0
7.69,704,500,204,250000,816000,0,0
7.7,706,500,206,250000,824000,0,0
7.71,705,500,205,250000,820000,0,0
7.72,704,500,204,250000,816000,0,0
7.73,704,500,204,250000,816000,0,0
7.74,707,500,207,250000,828000,0,0
7.75,705,500,205,250000,820000,0,0
7.76,701,500,201,250000,804000,0,0
7.77,704,500,204,250000,816000,0,0
7.78,706,500,206,250000,824000,0,0
7.79,705,500,205,250000,820000,0,0
7.8,703,500,203,250000,812000,0,0
7.81,704,500,204,250000,816000,0,0
7.82,706,500,206,250000,824000,0,0
7.83,706,500,206,250000,824000,0,0
7.84,704,500,204,250000,816000,0,0
7.85,704,500,204,250000,816000,0,0
7.86,706,500,206,250000,824000,0,0
7.87,706,500,206,250000,824000,0,0
7.88,703,500,203,250000,812000,0,0
7.89,704,500,204,250000,816000,0,0
7.9,706,500,206,250000,824000,0,0
7.91,706,500,206,250000,824000,0,0
7.92,704,500,204,250000,816000,0,0
7.93,704,500,204,250000,816000,0,0
7.94,706,500,206,250000,824000,0,0
7.95,705,500,205,250000,820000,0,0
7.96,704,500,204,250000,816000,0,0
7.97,703,500,203,250000,812000,0,0
7.98,706,500,206,250000,824000,0,0
7.99,706,500,206,250000,824000,0,0
8.0,702,500,202,250000,808000,0,0
8.01,704,500,204,250000,816000,0,0
8.02,706,500,206,250000,824000,0,0
8.03,706,500,206,250000,824000,0,0
8.04,704,500,204,250000,816000,0,0
8.05,703,500,203,250000,812000,0,0
8.06,705,500,205,250000,820000,0,0
8.07,706,500,206,250000,824000,0,0
8.08,704,500,204,250000,816000,0,0
8.09,698,500,198,250000,792000,0,0
8.1,706,500,206,250000,824000,0,0
8.11,706,500,206,250000,824000,0,0
8.12,705,500,205,250000,820000,0,0
8.13,704,500,204,250000,816000,0,0
8.14,706,500,206,250000,824000,0,0
8.15,707,500,207,250000,828000,0,0
8.16,704,500,204,250000,816000,0,0
8.17,703,500,203,250000,812000,0,0
8.18,704,500,204,250000,816000,0,0
8.19,706,500,206,250000,824000,0,0
8.2,704,500,204,250000,816000,0,0
8.21,696,500,196,250000,784000,0,0
8.22,705,500,205,250000,820000,0,0
8.23,707,500,207,250000,828000,0,0
8.24,704,500,204,250000,816000,0,0
8.25,704,500,204,250000,816000,0,0
8.26,705,500,205,250000,820000,0,0
8.27,707,500,207,250000,828000,0,0
8.28,705,500,205,250000,820000,0,0
8.29,704,500,204,250000,816000,0,0
8.3,704,500,204,250000,816000,0,0
8.31,707,500,207,250000,828000,0,0
8.32,705,500,205,250000,820000,0,0
8.33,704,500,204,250000,816000,0,0
8.34,704,500,204,250000,816000,0,0
8.35,706,500,206,250000,824000,0,0
8.36,704,500,204,250000,816000,0,0
8.37,703,500,203,250000,812000,0,0
8.38,704,500,204,250000,816000,0,0
8.39,706,500,206,250000,824000,0,0
8.4,705,500,205,250000,820000,0,0
8.41,703,500,203,250000,812000,0,0
8.42,704,500,204,250000,816000,0,0
8.43,707,500,207,250000,828000,0,0
8.44,706,500,206,250000,824000,0,0
8.45,703,500,203,250000,812000,0,0
8.46,705,500,205,250000,820000,0,0
8.47,707,500,207,250000,828000,0,0
8.48,706,500,206,250000,824000,0,0
8.49,704,500,204,250000,816000,0,0
8.5,705,500,205,250000,820000,0,0
8.51,708,500,208,250000,832000,0,0
8.52,707,500,207,250000,828000,0,0
8.53,704,500,204,250000,816000,0,0
8.54,705,500,205,250000,820000,0,0
8.55,708,500,208,250000,832000,0,0
8.56,707,500,207,250000,828000,0,0
8.57,705,500,205,250000,820000,0,0
8.58,704,500,204,250000,816000,0,0
8.59,707,500,207,250000,828000,0,0
8.6,706,500,206,250000,824000,0,0
8.61,704,500,204,250000,816000,0,0
8.62,705,500,205,250000,820000,0,0
8.63,707,500,207,250000,828000,0,0
8.64,708,500,208,250000,832000,0,0
