0.0,0,500,-500,-250000,-2000000,0,0
42949636.82,0,500,-500,-250000,-2000000,0,0
42949636.83,0,500,-500,-250000,-2000000,0,0
42949636.84,0,500,-500,-250000,-2000000,0,0
42949636.85,0,500,-500,-250000,-2000000,0,0
42949636.86,0,500,-500,-250000,-2000000,0,0
42949636.87,0,500,-500,-250000,-2000000,0,0
42949636.88,0,500,-500,-250000,-2000000,0,0
42949636.89,0,500,-500,-250000,-2000000,0,0
42949636.9,0,500,-500,-250000,-2000000,0,0
42949636.91,0,500,-500,-250000,-2000000,0,0
42949636.92,0,500,-500,-250000,-2000000,0,0
42949636.93,0,500,-500,-250000,-2000000,0,0
42949636.94,0,500,-500,-250000,-2000000,0,0
42949636.95,0,500,-500,-250000,-2000000,0,0
42949636.96,0,500,-500,-250000,-2000000,0,0
42949636.97,0,500,-500,-250000,-2000000,0,0
42949636.98,0,500,-500,-250000,-2000000,0,0
42949636.99,0,500,-500,-250000,-2000000,0,0
42949637.0,0,500,-500,-250000,-2000000,0,0
42949637.01,0,500,-500,-250000,-2000000,0,0
42949637.02,0,500,-500,-250000,-2000000,0,0
42949637.03,0,500,-500,-250000,-2000000,0,0
42949637.04,0,500,-500,-250000,-2000000,0,0
42949637.05,0,500,-500,-250000,-2000000,0,0
42949637.06,0,500,-500,-250000,-2000000,0,0
42949637.07,0,500,-500,-250000,-2000000,0,0
42949637.08,0,500,-500,-250000,-2000000,0,0
42949637.09,0,500,-500,-250000,-2000000,0,0
42949637.1,0,500,-500,-250000,-2000000,0,0
42949637.11,0,500,-500,-250000,-2000000,0,0
42949637.12,0,500,-500,-250000,-2000000,0,0
42949637.13,0,500,-500,-250000,-2000000,0,0
42949637.14,0,500,-500,-250000,-2000000,0,0
42949637.15,0,500,-500,-250000,-2000000,0,0
42949637.16,0,500,-500,-250000,-2000000,0,0
42949637.17,0,500,-500,-250000,-2000000,0,0
42949637.18,0,500,-500,-250000,-2000000,0,0
42949637.19,0,500,-500,-250000,-2000000,0,0
42949637.2,0,500,-500,-250000,-2000000,0,0
42949637.21,0,500,-500,-250000,-2000000,0,0
42949637.22,0,500,-500,-250000,-2000000,0,0
42949637.23,0,500,-500,-250000,-2000000,0,0
42949637.24,0,500,-500,-250000,-2000000,0,0
42949637.25,0,500,-500,-250000,-2000000,0,0
42949637.26,0,500,-500,-250000,-2000000,0,0
42949637.27,0,500,-500,-250000,-2000000,0,0
42949637.28,0,500,-500,-250000,-2000000,0,0
42949637.29,0,500,-500,-250000,-2000000,0,0
42949637.3,0,500,-500,-250000,-2000000,0,0
42949637.31,0,500,-500,-250000,-2000000,0,0
42949637.32,0,500,-500,-250000,-2000000,0,0
42949637.33,0,500,-500,-250000,-2000000,0,0
42949637.34,0,500,-500,-250000,-2000000,0,0
42949637.35,0,500,-500,-250000,-2000000,0,0
42949637.36,0,500,-500,-250000,-2000000,0,0
42949637.37,0,500,-500,-250000,-2000000,0,0
42949637.38,0,500,-500,-250000,-2000000,0,0
42949637.39,0,500,-500,-250000,-2000000,0,0
42949637.4,0,500,-500,-250000,-2000000,0,0
42949637.41,0,500,-500,-250000,-2000000,0,0
42949637.42,0,500,-500,-250000,-2000000,0,0
42949637.43,0,500,-500,-250000,-2000000,0,0
42949637.44,0,500,-500,-250000,-2000000,0,0
42949637.45,0,500,-500,-250000,-2000000,0,0
42949637.46,0,500,-500,-250000,-2000000,0,0
42949637.47,0,500,-500,-250000,-2000000,0,0
42949637.48,0,500,-500,-250000,-2000000,0,0
42949637.49,0,500,-500,-250000,-2000000,0,0
42949637.5,0,500,-500,-250000,-2000000,0,0
42949637.51,0,500,-500,-250000,-2000000,0,0
42949637.52,0,500,-500,-250000,-2000000,0,0
42949637.53,0,500,-500,-250000,-2000000,0,0
42949637.54,0,500,-500,-250000,-2000000,0,0
42949637.55,0,500,-500,-250000,-2000000,0,0
42949637.56,0,500,-500,-250000,-2000000,0,0
42949637.57,0,500,-500,-250000,-2000000,0,0
42949637.58,0,500,-500,-250000,-2000000,0,0
42949637.59,0,500,-500,-250000,-2000000,0,0
42949637.6,0,500,-500,-250000,-2000000,0,0
42949637.61,0,500,-500,-250000,-2000000,0,0
42949637.62,0,500,-500,-250000,-2000000,0,0
42949637.63,0,500,-500,-250000,-2000000,0,0
42949637.64,0,500,-500,-250000,-2000000,0,0
42949637.65,0,500,-500,-250000,-2000000,0,0
42949637.66,0,500,-500,-250000,-2000000,0,0
42949637.67,0,500,-500,-250000,-2000000,0,0
42949637.68,0,500,-500,-250000,-2000000,0,0
42949637.69,0,500,-500,-250000,-2000000,0,0
42949637.7,0,500,-500,-250000,-2000000,0,0
42949637.71,0,500,-500,-250000,-2000000,0,0
42949637.72,0,500,-500,-250000,-2000000,0,0
42949637.73,0,500,-500,-250000,-2000000,0,0
42949637.74,0,500,-500,-250000,-2000000,0,0
42949637.75,0,500,-500,-250000,-2000000,0,0
42949637.76,0,500,-500,-250000,-2000000,0,0
42949637.77,0,500,-500,-250000,-2000000,0,0
42949637.78,0,500,-500,-250000,-2000000,0,0
42949637.79,0,500,-500,-250000,-2000000,0,0
42949637.8,0,500,-500,-250000,-2000000,0,0
42949637.81,0,500,-500,-250000,-2000000,0,0
42949637.82,0,500,-500,-250000,-2000000,0,0
42949637.83,0,500,-500,-250000,-2000000,0,0
42949637.84,0,500,-500,-250000,-2000000,0,0
42949637.85,0,500,-500,-250000,-2000000,0,0
42949637.86,0,500,-500,-250000,-2000000,0,0
42949637.87,0,500,-500,-250000,-2000000,0,0
42949637.88,0,500,-500,-250000,-2000000,0,0
42949637.89,0,500,-500,-250000,-2000000,0,0
42949637.9,0,500,-500,-250000,-2000000,0,0
42949637.91,0,500,-500,-250000,-2000000,0,0
42949637.92,0,500,-500,-250000,-2000000,0,0
42949637.93,0,500,-500,-250000,-2000000,0,0
42949637.94,0,500,-500,-250000,-2000000,0,0
42949637.95,0,500,-500,-250000,-2000000,0,0
42949637.96,0,500,-500,-250000,-2000000,0,0
42949637.97,0,500,-500,-250000,-2000000,0,0
42949637.98,0,500,-500,-250000,-2000000,0,0
42949637.99,0,500,-500,-250000,-2000000,0,0
42949638.0,0,500,-500,-250000,-2000000,0,0
42949638.01,0,500,-500,-250000,-2000000,0,0
42949638.02,0,500,-500,-250000,-2000000,0,0
42949638.03,0,500,-500,-250000,-2000000,0,0
42949638.04,0,500,-500,-250000,-2000000,0,0
42949638.05,0,500,-500,-250000,-2000000,0,0
42949638.06,0,500,-500,-250000,-2000000,0,0
42949638.07,0,500,-500,-250000,-2000000,0,0
42949638.08,0,500,-500,-250000,-2000000,0,0
42949638.09,0,500,-500,-250000,-2000000,0,0
42949638.1,0,500,-500,-250000,-2000000,0,0
42949638.11,0,500,-500,-250000,-2000000,0,0
42949638.12,0,500,-500,-250000,-2000000,0,0
42949638.13,0,500,-500,-250000,-2000000,0,0
42949638.14,0,500,-500,-250000,-2000000,0,0
42949638.15,0,500,-500,-250000,-2000000,0,0
42949638.16,0,500,-500,-250000,-2000000,0,0
42949638.17,0,500,-500,-250000,-2000000,0,0
42949638.18,0,500,-500,-250000,-2000000,0,0
42949638.19,0,500,-500,-250000,-2000000,0,0
42949638.2,0,500,-500,-250000,-2000000,0,0
42949638.21,0,500,-500,-250000,-2000000,0,0
42949638.22,0,500,-500,-250000,-2000000,0,0
42949638.23,0,500,-500,-250000,-2000000,0,0
42949638.24,0,500,-500,-250000,-2000000,0,0
42949638.25,0,500,-500,-250000,-2000000,0,0
42949638.26,0,500,-500,-250000,-2000000,0,0
42949638.27,0,500,-500,-250000,-2000000,0,0
42949638.28,0,500,-500,-250000,-2000000,0,0
42949638.29,0,500,-500,-250000,-2000000,0,0
42949638.3,0,500,-500,-250000,-2000000,0,0
42949638.31,0,500,-500,-250000,-2000000,0,0
42949638.32,0,500,-500,-250000,-2000000,0,0
42949638.33,0,500,-500,-250000,-2000000,0,0
42949638.34,0,500,-500,-250000,-2000000,0,0
42949638.35,0,500,-500,-250000,-2000000,0,0
42949638.36,0,500,-500,-250000,-2000000,0,0
42949638.37,0,500,-500,-250000,-2000000,0,0
42949638.38,0,500,-500,-250000,-2000000,0,0
42949638.39,0,500,-500,-250000,-2000000,0,0
42949638.4,0,500,-500,-250000,-2000000,0,0
42949638.41,0,500,-500,-250000,-2000000,0,0
42949638.42,0,500,-500,-250000,-2000000,0,0
42949638.43,0,500,-500,-250000,-2000000,0,0
42949638.44,0,500,-500,-250000,-2000000,0,0
42949638.45,0,500,-500,-250000,-2000000,0,0
42949638.46,0,500,-500,-250000,-2000000,0,0
42949638.47,0,500,-500,-250000,-2000000,0,0
42949638.48,0,500,-500,-250000,-2000000,0,0
42949638.49,0,500,-500,-250000,-2000000,0,0
42949638.5,0,500,-500,-250000,-2000000,0,0
42949638.51,0,500,-500,-250000,-2000000,0,0
42949638.52,0,500,-500,-250000,-2000000,0,0
42949638.53,0,500,-500,-250000,-2000000,0,0
42949638.54,0,500,-500,-250000,-2000000,0,0
42949638.55,0,500,-500,-250000,-2000000,0,0
42949638.56,0,500,-500,-250000,-2000000,0,0
42949638.57,0,500,-500,-250000,-2000000,0,0
42949638.58,0,500,-500,-250000,-2000000,0,0
42949638.59,0,500,-500,-250000,-2000000,0,0
42949638.6,0,500,-500,-250000,-2000000,0,0
42949638.61,0,500,-500,-250000,-2000000,0,0
42949638.62,0,500,-500,-250000,-2000000,0,0
42949638.63,0,500,-500,-250000,-2000000,0,0
42949638.64,0,500,-500,-250000,-2000000,0,0
42949638.65,0,500,-500,-250000,-2000000,0,0
42949638.66,0,500,-500,-250000,-2000000,0,0
42949638.67,0,500,-500,-250000,-2000000,0,0
42949638.68,0,500,-500,-250000,-2000000,0,0
42949638.69,0,500,-500,-250000,-2000000,0,0
42949638.7,0,500,-500,-250000,-2000000,0,0
42949638.71,0,500,-500,-250000,-2000000,0,0
42949638.72,0,500,-500,-250000,-2000000,0,0
42949638.73,0,500,-500,-250000,-2000000,0,0
42949638.74,0,500,-500,-250000,-2000000,0,0
42949638.75,0,500,-500,-250000,-2000000,0,0
42949638.76,0,500,-500,-250000,-2000000,0,0
42949638.77,0,500,-500,-250000,-2000000,0,0
42949638.78,0,500,-500,-250000,-2000000,0,0
42949638.79,0,500,-500,-250000,-2000000,0,0
42949638.8,0,500,-500,-250000,-2000000,0,0
42949638.81,0,500,-500,-250000,-2000000,0,0
42949638.82,0,500,-500,-250000,-2000000,0,0
42949638.83,0,500,-500,-250000,-2000000,0,0
42949638.84,0,500,-500,-250000,-2000000,0,0
42949638.85,0,500,-500,-250000,-2000000,0,0
42949638.86,0,500,-500,-250000,-2000000,0,0
42949638.87,0,500,-500,-250000,-2000000,0,0
42949638.88,0,500,-500,-250000,-2000000,0,0
42949638.89,0,500,-500,-250000,-2000000,0,0
42949638.9,0,500,-500,-250000,-2000000,0,0
42949638.91,0,500,-500,-250000,-2000000,0,0
42949638.92,0,500,-500,-250000,-2000000,0,0
42949638.93,0,500,-500,-250000,-2000000,0,0
42949638.94,0,500,-500,-250000,-2000000,0,0
42949638.95,0,500,-500,-250000,-2000000,0,0
42949638.96,0,500,-500,-250000,-2000000,0,0
42949638.97,0,500,-500,-250000,-2000000,0,0
42949638.98,0,500,-500,-250000,-2000000,0,0
42949638.99,0,500,-500,-250000,-2000000,0,0
42949639.0,0,500,-500,-250000,-2000000,0,0
42949639.01,0,500,-500,-250000,-2000000,0,0
42949639.02,0,500,-500,-250000,-2000000,0,0
42949639.03,0,500,-500,-250000,-2000000,0,0
42949639.04,0,500,-500,-250000,-2000000,0,0
42949639.05,0,500,-500,-250000,-2000000,0,0
42949639.06,0,500,-500,-250000,-2000000,0,0
42949639.07,0,500,-500,-250000,-2000000,0,0
42949639.08,0,500,-500,-250000,-2000000,0,0
42949639.09,0,500,-500,-250000,-2000000,0,0
42949639.1,0,500,-500,-250000,-2000000,0,0
42949639.11,0,500,-500,-250000,-2000000,0,0
42949639.12,0,500,-500,-250000,-2000000,0,0
42949639.13,0,500,-500,-250000,-2000000,0,0
42949639.14,0,500,-500,-250000,-2000000,0,0
42949639.15,0,500,-500,-250000,-2000000,0,0
42949639.16,0,500,-500,-250000,-2000000,0,0
42949639.17,0,500,-500,-250000,-2000000,0,0
42949639.18,0,500,-500,-250000,-2000000,0,0
42949639.19,0,500,-500,-250000,-2000000,0,0
42949639.2,0,500,-500,-250000,-2000000,0,0
42949639.21,0,500,-500,-250000,-2000000,0,0
42949639.22,0,500,-500,-250000,-2000000,0,0
42949639.23,0,500,-500,-250000,-2000000,0,0
42949639.24,0,500,-500,-250000,-2000000,0,0
42949639.25,0,500,-500,-250000,-2000000,0,0
42949639.26,0,500,-500,-250000,-2000000,0,0
42949639.27,0,500,-500,-250000,-2000000,0,0
42949639.28,0,500,-500,-250000,-2000000,0,0
42949639.29,0,500,-500,-250000,-2000000,0,0
42949639.3,0,500,-500,-250000,-2000000,0,0
42949639.31,0,500,-500,-250000,-2000000,0,0
42949639.32,0,500,-500,-250000,-2000000,0,0
42949639.33,0,500,-500,-250000,-2000000,0,0
42949639.34,0,500,-500,-250000,-2000000,0,0
42949639.35,0,500,-500,-250000,-2000000,0,0
42949639.36,0,500,-500,-250000,-2000000,0,0
42949639.37,0,500,-500,-250000,-2000000,0,0
42949639.38,0,500,-500,-250000,-2000000,0,0
42949639.39,0,500,-500,-250000,-2000000,0,0
42949639.4,0,500,-500,-250000,-2000000,0,0
42949639.41,0,500,-500,-250000,-2000000,0,0
42949639.42,0,500,-500,-250000,-2000000,0,0
42949639.43,0,500,-500,-250000,-2000000,0,0
42949639.44,0,500,-500,-250000,-2000000,0,0
42949639.45,0,500,-500,-250000,-2000000,0,0
42949639.46,0,500,-500,-250000,-2000000,0,0
42949639.47,0,500,-500,-250000,-2000000,0,0
42949639.48,0,500,-500,-250000,-2000000,0,0
42949639.49,0,500,-500,-250000,-2000000,0,0
42949639.5,0,500,-500,-250000,-2000000,0,0
42949639.51,0,500,-500,-250000,-2000000,0,0
42949639.52,0,500,-500,-250000,-2000000,0,0
42949639.53,0,500,-500,-250000,-2000000,0,0
42949639.54,0,500,-500,-250000,-2000000,0,0
42949639.55,0,500,-500,-250000,-2000000,0,0
42949639.56,0,500,-500,-250000,-2000000,0,0
42949639.57,0,500,-500,-250000,-2000000,0,0
42949639.58,0,500,-500,-250000,-2000000,0,0
42949639.59,0,500,-500,-250000,-2000000,0,0
42949639.6,0,500,-500,-250000,-2000000,0,0
42949639.61,0,500,-500,-250000,-2000000,0,0
42949639.62,0,500,-500,-250000,-2000000,0,0
42949639.63,0,500,-500,-250000,-2000000,0,0
42949639.64,0,500,-500,-250000,-2000000,0,0
42949639.65,0,500,-500,-250000,-2000000,0,0
42949639.66,0,500,-500,-250000,-2000000,0,0
42949639.67,0,500,-500,-250000,-2000000,0,0
42949639.68,0,500,-500,-250000,-2000000,0,0
42949639.69,0,500,-500,-250000,-2000000,0,0
42949639.7,0,500,-500,-250000,-2000000,0,0
42949639.71,0,500,-500,-250000,-2000000,0,0
42949639.72,0,500,-500,-250000,-2000000,0,0
42949639.73,0,500,-500,-250000,-2000000,0,0
42949639.74,0,500,-500,-250000,-2000000,0,0
42949639.75,0,500,-500,-250000,-2000000,0,0
42949639.76,0,500,-500,-250000,-2000000,0,0
42949639.77,0,500,-500,-250000,-2000000,0,0
42949639.78,0,500,-500,-250000,-2000000,0,0
42949639.79,0,500,-500,-250000,-2000000,0,0
42949639.8,0,500,-500,-250000,-2000000,0,0
42949639.81,0,500,-500,-250000,-2000000,0,0
42949639.82,0,500,-500,-250000,-2000000,0,0
42949639.83,0,500,-500,-250000,-2000000,0,0
42949639.84,0,500,-500,-250000,-2000000,0,0
42949639.85,0,500,-500,-250000,-2000000,0,0
42949639.86,0,500,-500,-250000,-2000000,0,0
42949639.87,0,500,-500,-250000,-2000000,0,0
42949639.88,0,500,-500,-250000,-2000000,0,0
42949639.89,0,500,-500,-250000,-2000000,0,0
42949639.9,0,500,-500,-250000,-2000000,0,0
42949639.91,0,500,-500,-250000,-2000000,0,0
42949639.92,0,500,-500,-250000,-2000000,0,0
42949639.93,0,500,-500,-250000,-2000000,0,0
42949639.94,0,500,-500,-250000,-2000000,0,0
42949639.95,0,500,-500,-250000,-2000000,0,0
42949639.96,0,500,-500,-250000,-2000000,0,0
42949639.97,0,500,-500,-250000,-2000000,0,0
42949639.98,0,500,-500,-250000,-2000000,0,0
42949639.99,0,500,-500,-250000,-2000000,0,0
42949640.0,0,500,-500,-250000,-2000000,0,0
42949640.01,0,500,-500,-250000,-2000000,0,0
42949640.02,0,500,-500,-250000,-2000000,0,0
42949640.03,0,500,-500,-250000,-2000000,0,0
42949640.04,0,500,-500,-250000,-2000000,0,0
42949640.05,0,500,-500,-250000,-2000000,0,0
42949640.06,0,500,-500,-250000,-2000000,0,0
42949640.07,0,500,-500,-250000,-2000000,0,0
42949640.08,0,500,-500,-250000,-2000000,0,0
42949640.09,0,500,-500,-250000,-2000000,0,0
42949640.1,0,500,-500,-250000,-2000000,0,0
42949640.11,0,500,-500,-250000,-2000000,0,0
42949640.12,0,500,-500,-250000,-2000000,0,0
42949640.13,0,500,-500,-250000,-2000000,0,0
42949640.14,0,500,-500,-250000,-2000000,0,0
42949640.15,0,500,-500,-250000,-2000000,0,0
42949640.16,0,500,-500,-250000,-2000000,0,0
42949640.17,0,500,-500,-250000,-2000000,0,0
42949640.18,0,500,-500,-250000,-2000000,0,0
42949640.19,0,500,-500,-250000,-2000000,0,0
42949640.2,0,500,-500,-250000,-2000000,0,0
42949640.21,0,500,-500,-250000,-2000000,0,0
42949640.22,0,500,-500,-250000,-2000000,0,0
42949640.23,0,500,-500,-250000,-2000000,0,0
42949640.24,0,500,-500,-250000,-2000000,0,0
42949640.25,0,500,-500,-250000,-2000000,0,0
42949640.26,0,500,-500,-250000,-2000000,0,0
42949640.27,0,500,-500,-250000,-2000000,0,0
42949640.28,0,500,-500,-250000,-2000000,0,0
42949640.29,0,500,-500,-250000,-2000000,0,0
42949640.3,0,500,-500,-250000,-2000000,0,0
42949640.31,0,500,-500,-250000,-2000000,0,0
42949640.32,0,500,-500,-250000,-2000000,0,0
42949640.33,0,500,-500,-250000,-2000000,0,0
42949640.34,0,500,-500,-250000,-2000000,0,0
42949640.35,0,500,-500,-250000,-2000000,0,0
42949640.36,0,500,-500,-250000,-2000000,0,0
42949640.37,0,500,-500,-250000,-2000000,0,0
42949640.38,0,500,-500,-250000,-2000000,0,0
42949640.39,0,500,-500,-250000,-2000000,0,0
42949640.4,0,500,-500,-250000,-2000000,0,0
42949640.41,0,500,-500,-250000,-2000000,0,0
42949640.42,0,500,-500,-250000,-2000000,0,0
42949640.43,0,500,-500,-250000,-2000000,0,0
42949640.44,0,500,-500,-250000,-2000000,0,0
42949640.45,0,500,-500,-250000,-2000000,0,0
42949640.46,0,500,-500,-250000,-2000000,0,0
42949640.47,0,500,-500,-250000,-2000000,0,0
42949640.48,0,500,-500,-250000,-2000000,0,0
42949640.49,0,500,-500,-250000,-2000000,0,0
42949640.5,0,500,-500,-250000,-2000000,0,0
42949640.51,0,500,-500,-250000,-2000000,0,0
42949640.52,0,500,-500,-250000,-2000000,0,0
42949640.53,0,500,-500,-250000,-2000000,0,0
42949640.54,0,500,-500,-250000,-2000000,0,0
42949640.55,0,500,-500,-250000,-2000000,0,0
42949640.56,0,500,-500,-250000,-2000000,0,0
42949640.57,0,500,-500,-250000,-2000000,0,0
42949640.58,0,500,-500,-250000,-2000000,0,0
42949640.59,0,500,-500,-250000,-2000000,0,0
42949640.6,0,500,-500,-250000,-2000000,0,0
42949640.61,0,500,-500,-250000,-2000000,0,0
42949640.62,0,500,-500,-250000,-2000000,0,0
42949640.63,0,500,-500,-250000,-2000000,0,0
42949640.64,0,500,-500,-250000,-2000000,0,0
42949640.65,0,500,-500,-250000,-2000000,0,0
42949640.66,0,500,-500,-250000,-2000000,0,0
42949640.67,0,500,-500,-250000,-2000000,0,0
42949640.68,0,500,-500,-250000,-2000000,0,0
42949640.69,0,500,-500,-250000,-2000000,0,0
42949640.7,0,500,-500,-250000,-2000000,0,0
42949640.71,0,500,-500,-250000,-2000000,0,0
42949640.72,0,500,-500,-250000,-2000000,0,0
42949640.73,0,500,-500,-250000,-2000000,0,0
42949640.74,0,500,-500,-250000,-2000000,0,0
42949640.75,0,500,-500,-250000,-2000000,0,0
42949640.76,0,500,-500,-250000,-2000000,0,0
42949640.77,0,500,-500,-250000,-2000000,0,0
42949640.78,0,500,-500,-250000,-2000000,0,0
42949640.79,0,500,-500,-250000,-2000000,0,0
42949640.8,0,500,-500,-250000,-2000000,0,0
42949640.81,0,500,-500,-250000,-2000000,0,0
42949640.82,0,500,-500,-250000,-2000000,0,0
42949640.83,0,500,-500,-250000,-2000000,0,0
42949640.84,0,500,-500,-250000,-2000000,0,0
42949640.85,0,500,-500,-250000,-2000000,0,0
42949640.86,0,500,-500,-250000,-2000000,0,0
42949640.87,0,500,-500,-250000,-2000000,0,0
42949640.88,0,500,-500,-250000,-2000000,0,0
42949640.89,0,500,-500,-250000,-2000000,0,0
42949640.9,0,500,-500,-250000,-2000000,0,0
42949640.91,0,500,-500,-250000,-2000000,0,0
42949640.92,0,500,-500,-250000,-2000000,0,0
42949640.93,0,500,-500,-250000,-2000000,0,0
42949640.94,0,500,-500,-250000,-2000000,0,0
42949640.95,0,500,-500,-250000,-2000000,0,0
42949640.96,0,500,-500,-250000,-2000000,0,0
42949640.97,0,500,-500,-250000,-2000000,0,0
42949640.98,0,500,-500,-250000,-2000000,0,0
42949640.99,0,500,-500,-250000,-2000000,0,0
42949641.0,0,500,-500,-250000,-2000000,0,0
42949641.01,0,500,-500,-250000,-2000000,0,0
42949641.02,0,500,-500,-250000,-2000000,0,0
42949641.03,0,500,-500,-250000,-2000000,0,0
42949641.04,0,500,-500,-250000,-2000000,0,0
42949641.05,0,500,-500,-250000,-2000000,0,0
42949641.06,0,500,-500,-250000,-2000000,0,0
42949641.07,0,500,-500,-250000,-2000000,0,0
42949641.08,0,500,-500,-250000,-2000000,0,0
42949641.09,0,500,-500,-250000,-2000000,0,0
42949641.1,0,500,-500,-250000,-2000000,0,0
42949641.11,0,500,-500,-250000,-2000000,0,0
42949641.12,0,500,-500,-250000,-2000000,0,0
42949641.13,0,500,-500,-250000,-2000000,0,0
42949641.14,0,500,-500,-250000,-2000000,0,0
42949641.15,0,500,-500,-250000,-2000000,0,0
42949641.16,0,500,-500,-250000,-2000000,0,0
42949641.17,0,500,-500,-250000,-2000000,0,0
42949641.18,0,500,-500,-250000,-2000000,0,0
42949641.19,0,500,-500,-250000,-2000000,0,0
42949641.2,0,500,-500,-250000,-2000000,0,0
42949641.21,0,500,-500,-250000,-2000000,0,0
42949641.22,0,500,-500,-250000,-2000000,0,0
42949641.23,0,500,-500,-250000,-2000000,0,0
42949641.24,0,500,-500,-250000,-2000000,0,0
42949641.25,0,500,-500,-250000,-2000000,0,0
42949641.26,0,500,-500,-250000,-2000000,0,0
42949641.27,0,500,-500,-250000,-2000000,0,0
42949641.28,0,500,-500,-250000,-2000000,0,0
42949641.29,0,500,-500,-250000,-2000000,0,0
42949641.3,0,500,-500,-250000,-2000000,0,0
42949641.31,0,500,-500,-250000,-2000000,0,0
42949641.32,0,500,-500,-250000,-2000000,0,0
42949641.33,0,500,-500,-250000,-2000000,0,0
42949641.34,0,500,-500,-250000,-2000000,0,0
42949641.35,0,500,-500,-250000,-2000000,0,0
42949641.36,0,500,-500,-250000,-2000000,0,0
42949641.37,0,500,-500,-250000,-2000000,0,0
42949641.38,0,500,-500,-250000,-2000000,0,0
42949641.39,0,500,-500,-250000,-2000000,0,0
42949641.4,0,500,-500,-250000,-2000000,0,0
42949641.41,0,500,-500,-250000,-2000000,0,0
42949641.42,0,500,-500,-250000,-2000000,0,0
42949641.43,0,500,-500,-250000,-2000000,0,0
42949641.44,0,500,-500,-250000,-2000000,0,0
42949641.45,0,500,-500,-250000,-2000000,0,0
42949641.46,0,500,-500,-250000,-2000000,0,0
42949641.47,0,500,-500,-250000,-2000000,0,0
42949641.48,0,500,-500,-250000,-2000000,0,0
42949641.49,0,500,-500,-250000,-2000000,0,0
42949641.5,0,500,-500,-250000,-2000000,0,0
42949641.51,0,500,-500,-250000,-2000000,0,0
42949641.52,0,500,-500,-250000,-2000000,0,0
42949641.53,0,500,-500,-250000,-2000000,0,0
42949641.54,0,500,-500,-250000,-2000000,0,0
42949641.55,0,500,-500,-250000,-2000000,0,0
42949641.56,0,500,-500,-250000,-2000000,0,0
42949641.57,0,500,-500,-250000,-2000000,0,0
42949641.58,0,500,-500,-250000,-2000000,0,0
42949641.59,0,500,-500,-250000,-2000000,0,0
42949641.6,0,500,-500,-250000,-2000000,0,0
42949641.61,0,500,-500,-250000,-2000000,0,0
42949641.62,0,500,-500,-250000,-2000000,0,0
42949641.63,0,500,-500,-250000,-2000000,0,0
42949641.64,0,500,-500,-250000,-2000000,0,0
42949641.65,0,500,-500,-250000,-2000000,0,0
42949641.66,0,500,-500,-250000,-2000000,0,0
42949641.67,0,500,-500,-250000,-2000000,0,0
42949641.68,0,500,-500,-250000,-2000000,0,0
42949641.69,0,500,-500,-250000,-2000000,0,0
42949641.7,0,500,-500,-250000,-2000000,0,0
42949641.71,0,500,-500,-250000,-2000000,0,0
42949641.72,0,500,-500,-250000,-2000000,0,0
42949641.73,0,500,-500,-250000,-2000000,0,0
42949641.74,0,500,-500,-250000,-2000000,0,0
42949641.75,0,500,-500,-250000,-2000000,0,0
42949641.76,0,500,-500,-250000,-2000000,0,0
42949641.77,0,500,-500,-250000,-2000000,0,0
42949641.78,0,500,-500,-250000,-2000000,0,0
42949641.79,0,500,-500,-250000,-2000000,0,0
42949641.8,0,500,-500,-250000,-2000000,0,0
42949641.81,0,500,-500,-250000,-2000000,0,0
42949641.82,0,500,-500,-250000,-2000000,0,0
42949641.83,0,500,-500,-250000,-2000000,0,0
42949641.84,0,500,-500,-250000,-2000000,0,0
42949641.85,0,500,-500,-250000,-2000000,0,0
42949641.86,0,500,-500,-250000,-2000000,0,0
42949641.87,0,500,-500,-250000,-2000000,0,0
42949641.88,0,500,-500,-250000,-2000000,0,0
42949641.89,0,500,-500,-250000,-2000000,0,0
42949641.9,0,500,-500,-250000,-2000000,0,0
42949641.91,0,500,-500,-250000,-2000000,0,0
42949641.92,0,500,-500,-250000,-2000000,0,0
42949641.93,0,500,-500,-250000,-2000000,0,0
42949641.94,0,500,-500,-250000,-2000000,0,0
42949641.95,0,500,-500,-250000,-2000000,0,0
42949641.96,0,500,-500,-250000,-2000000,0,0
42949641.97,0,500,-500,-250000,-2000000,0,0
42949641.98,0,500,-500,-250000,-2000000,0,0
42949641.99,0,500,-500,-250000,-2000000,0,0
42949642.0,0,500,-500,-250000,-2000000,0,0
42949642.01,0,500,-500,-250000,-2000000,0,0
42949642.02,0,500,-500,-250000,-2000000,0,0
42949642.03,0,500,-500,-250000,-2000000,0,0
42949642.04,0,500,-500,-250000,-2000000,0,0
42949642.05,0,500,-500,-250000,-2000000,0,0
42949642.06,0,500,-500,-250000,-2000000,0,0
42949642.07,0,500,-500,-250000,-2000000,0,0
42949642.08,0,500,-500,-250000,-2000000,0,0
42949642.09,0,500,-500,-250000,-2000000,0,0
42949642.1,0,500,-500,-250000,-2000000,0,0
42949642.11,0,500,-500,-250000,-2000000,0,0
42949642.12,0,500,-500,-250000,-2000000,0,0
42949642.13,0,500,-500,-250000,-2000000,0,0
42949642.14,0,500,-500,-250000,-2000000,0,0
42949642.15,0,500,-500,-250000,-2000000,0,0
42949642.16,0,500,-500,-250000,-2000000,0,0
42949642.17,0,500,-500,-250000,-2000000,0,0
42949642.18,0,500,-500,-250000,-2000000,0,0
42949642.19,0,500,-500,-250000,-2000000,0,0
42949642.2,0,500,-500,-250000,-2000000,0,0
42949642.21,0,500,-500,-250000,-2000000,0,0
42949642.22,0,500,-500,-250000,-2000000,0,0
42949642.23,0,500,-500,-250000,-2000000,0,0
42949642.24,0,500,-500,-250000,-2000000,0,0
42949642.25,0,500,-500,-250000,-2000000,0,0
42949642.26,0,500,-500,-250000,-2000000,0,0
42949642.27,0,500,-500,-250000,-2000000,0,0
42949642.28,0,500,-500,-250000,-2000000,0,0
42949642.29,0,500,-500,-250000,-2000000,0,0
42949642.3,0,500,-500,-250000,-2000000,0,0
42949642.31,0,500,-500,-250000,-2000000,0,0
42949642.32,0,500,-500,-250000,-2000000,0,0
42949642.33,0,500,-500,-250000,-2000000,0,0
42949642.34,0,500,-500,-250000,-2000000,0,0
42949642.35,0,500,-500,-250000,-2000000,0,0
42949642.36,0,500,-500,-250000,-2000000,0,0
42949642.37,0,500,-500,-250000,-2000000,0,0
42949642.38,0,500,-500,-250000,-2000000,0,0
42949642.39,0,500,-500,-250000,-2000000,0,0
42949642.4,0,500,-500,-250000,-2000000,0,0
42949642.41,0,500,-500,-250000,-2000000,0,0
42949642.42,0,500,-500,-250000,-2000000,0,0
42949642.43,0,500,-500,-250000,-2000000,0,0
42949642.44,0,500,-500,-250000,-2000000,0,0
42949642.45,0,500,-500,-250000,-2000000,0,0
42949642.46,0,500,-500,-250000,-2000000,0,0
42949642.47,0,500,-500,-250000,-2000000,0,0
42949642.48,0,500,-500,-250000,-2000000,0,0
42949642.49,0,500,-500,-250000,-2000000,0,0
42949642.5,0,500,-500,-250000,-2000000,0,0
42949642.51,0,500,-500,-250000,-2000000,0,0
42949642.52,0,500,-500,-250000,-2000000,0,0
42949642.53,0,500,-500,-250000,-2000000,0,0
42949642.54,0,500,-500,-250000,-2000000,0,0
42949642.55,0,500,-500,-250000,-2000000,0,0
42949642.56,0,500,-500,-250000,-2000000,0,0
42949642.57,0,500,-500,-250000,-2000000,0,0
42949642.58,0,500,-500,-250000,-2000000,0,0
42949642.59,0,500,-500,-250000,-2000000,0,0
42949642.6,0,500,-500,-250000,-2000000,0,0
42949642.61,0,500,-500,-250000,-2000000,0,0
42949642.62,0,500,-500,-250000,-2000000,0,0
42949642.63,0,500,-500,-250000,-2000000,0,0
42949642.64,0,500,-500,-250000,-2000000,0,0
42949642.65,0,500,-500,-250000,-2000000,0,0
42949642.66,0,500,-500,-250000,-2000000,0,0
42949642.67,0,500,-500,-250000,-2000000,0,0
42949642.68,0,500,-500,-250000,-2000000,0,0
42949642.69,0,500,-500,-250000,-2000000,0,0
42949642.7,0,500,-500,-250000,-2000000,0,0
42949642.71,0,500,-500,-250000,-2000000,0,0
42949642.72,0,500,-500,-250000,-2000000,0,0
42949642.73,0,500,-500,-250000,-2000000,0,0
42949642.74,0,500,-500,-250000,-2000000,0,0
42949642.75,0,500,-500,-250000,-2000000,0,0
42949642.76,0,500,-500,-250000,-2000000,0,0
42949642.77,0,500,-500,-250000,-2000000,0,0
42949642.78,0,500,-500,-250000,-2000000,0,0
42949642.79,0,500,-500,-250000,-2000000,0,0
42949642.8,0,500,-500,-250000,-2000000,0,0
42949642.81,0,500,-500,-250000,-2000000,0,0
42949642.82,0,500,-500,-250000,-2000000,0,0
42949642.83,0,500,-500,-250000,-2000000,0,0
42949642.84,0,500,-500,-250000,-2000000,0,0
42949642.85,0,500,-500,-250000,-2000000,0,0
42949642.86,0,500,-500,-250000,-2000000,0,0
42949642.87,0,500,-500,-250000,-2000000,0,0
42949642.88,0,500,-500,-250000,-2000000,0,0
42949642.89,0,500,-500,-250000,-2000000,0,0
42949642.9,0,500,-500,-250000,-2000000,0,0
42949642.91,0,500,-500,-250000,-2000000,0,0
42949642.92,0,500,-500,-250000,-2000000,0,0
42949642.93,0,500,-500,-250000,-2000000,0,0
42949642.94,0,500,-500,-250000,-2000000,0,0
42949642.95,0,500,-500,-250000,-2000000,0,0
42949642.96,0,500,-500,-250000,-2000000,0,0
42949642.97,0,500,-500,-250000,-2000000,0,0
42949642.98,0,500,-500,-250000,-2000000,0,0
42949642.99,0,500,-500,-250000,-2000000,0,0
42949643.0,0,500,-500,-250000,-2000000,0,0
42949643.01,0,500,-500,-250000,-2000000,0,0
42949643.02,0,500,-500,-250000,-2000000,0,0
42949643.03,0,500,-500,-250000,-2000000,0,0
42949643.04,0,500,-500,-250000,-2000000,0,0
42949643.05,0,500,-500,-250000,-2000000,0,0
42949643.06,0,500,-500,-250000,-2000000,0,0
42949643.07,0,500,-500,-250000,-2000000,0,0
42949643.08,0,500,-500,-250000,-2000000,0,0
42949643.09,0,500,-500,-250000,-2000000,0,0
42949643.1,0,500,-500,-250000,-2000000,0,0
42949643.11,0,500,-500,-250000,-2000000,0,0
42949643.12,0,500,-500,-250000,-2000000,0,0
42949643.13,0,500,-500,-250000,-2000000,0,0
42949643.14,0,500,-500,-250000,-2000000,0,0
42949643.15,0,500,-500,-250000,-2000000,0,0
42949643.16,0,500,-500,-250000,-2000000,0,0
42949643.17,0,500,-500,-250000,-2000000,0,0
42949643.18,0,500,-500,-250000,-2000000,0,0
42949643.19,0,500,-500,-250000,-2000000,0,0
42949643.2,0,500,-500,-250000,-2000000,0,0
42949643.21,0,500,-500,-250000,-2000000,0,0
42949643.22,0,500,-500,-250000,-2000000,0,0
42949643.23,0,500,-500,-250000,-2000000,0,0
42949643.24,0,500,-500,-250000,-2000000,0,0
42949643.25,0,500,-500,-250000,-2000000,0,0
42949643.26,0,500,-500,-250000,-2000000,0,0
42949643.27,0,500,-500,-250000,-2000000,0,0
42949643.28,0,500,-500,-250000,-2000000,0,0
42949643.29,0,500,-500,-250000,-2000000,0,0
42949643.3,0,500,-500,-250000,-2000000,0,0
42949643.31,0,500,-500,-250000,-2000000,0,0
42949643.32,0,500,-500,-250000,-2000000,0,0
42949643.33,0,500,-500,-250000,-2000000,0,0
42949643.34,0,500,-500,-250000,-2000000,0,0
42949643.35,0,500,-500,-250000,-2000000,0,0
42949643.36,0,500,-500,-250000,-2000000,0,0
42949643.37,0,500,-500,-250000,-2000000,0,0
42949643.38,0,500,-500,-250000,-2000000,0,0
42949643.39,0,500,-500,-250000,-2000000,0,0
42949643.4,0,500,-500,-250000,-2000000,0,0
42949643.41,0,500,-500,-250000,-2000000,0,0
42949643.42,0,500,-500,-250000,-2000000,0,0
42949643.43,0,500,-500,-250000,-2000000,0,0
42949643.44,0,500,-500,-250000,-2000000,0,0
42949643.45,0,500,-500,-250000,-2000000,0,0
42949643.46,0,500,-500,-250000,-2000000,0,0
42949643.47,0,500,-500,-250000,-2000000,0,0
42949643.48,0,500,-500,-250000,-2000000,0,0
42949643.49,0,500,-500,-250000,-2000000,0,0
42949643.5,0,500,-500,-250000,-2000000,0,0
42949643.51,0,500,-500,-250000,-2000000,0,0
42949643.52,0,500,-500,-250000,-2000000,0,0
42949643.53,0,500,-500,-250000,-2000000,0,0
42949643.54,0,500,-500,-250000,-2000000,0,0
42949643.55,0,500,-500,-250000,-2000000,0,0
42949643.56,0,500,-500,-250000,-2000000,0,0
42949643.57,0,500,-500,-250000,-2000000,0,0
42949643.58,0,500,-500,-250000,-2000000,0,0
42949643.59,0,500,-500,-250000,-2000000,0,0
42949643.6,0,500,-500,-250000,-2000000,0,0
42949643.61,0,500,-500,-250000,-2000000,0,0
42949643.62,0,500,-500,-250000,-2000000,0,0
42949643.63,0,500,-500,-250000,-2000000,0,0
42949643.64,0,500,-500,-250000,-2000000,0,0
42949643.65,0,500,-500,-250000,-2000000,0,0
42949643.66,0,500,-500,-250000,-2000000,0,0
42949643.67,0,500,-500,-250000,-2000000,0,0
42949643.68,0,500,-500,-250000,-2000000,0,0
42949643.69,0,500,-500,-250000,-2000000,0,0
42949643.7,0,500,-500,-250000,-2000000,0,0
42949643.71,0,500,-500,-250000,-2000000,0,0
42949643.72,0,500,-500,-250000,-2000000,0,0
42949643.73,0,500,-500,-250000,-2000000,0,0
42949643.74,0,500,-500,-250000,-2000000,0,0
42949643.75,0,500,-500,-250000,-2000000,0,0
42949643.76,0,500,-500,-250000,-2000000,0,0
42949643.77,0,500,-500,-250000,-2000000,0,0
42949643.78,0,500,-500,-250000,-2000000,0,0
42949643.79,0,500,-500,-250000,-2000000,0,0
42949643.8,0,500,-500,-250000,-2000000,0,0
42949643.81,0,500,-500,-250000,-2000000,0,0
42949643.82,0,500,-500,-250000,-2000000,0,0
42949643.83,0,500,-500,-250000,-2000000,0,0
42949643.84,0,500,-500,-250000,-2000000,0,0
42949643.85,0,500,-500,-250000,-2000000,0,0
42949643.86,0,500,-500,-250000,-2000000,0,0
42949643.87,0,500,-500,-250000,-2000000,0,0
42949643.88,0,500,-500,-250000,-2000000,0,0
42949643.89,0,500,-500,-250000,-2000000,0,0
42949643.9,0,500,-500,-250000,-2000000,0,0
42949643.91,0,500,-500,-250000,-2000000,0,0
42949643.92,0,500,-500,-250000,-2000000,0,0
42949643.93,0,500,-500,-250000,-2000000,0,0
42949643.94,0,500,-500,-250000,-2000000,0,0
42949643.95,0,500,-500,-250000,-2000000,0,0
42949643.96,0,500,-500,-250000,-2000000,0,0
42949643.97,0,500,-500,-250000,-2000000,0,0
42949643.98,0,500,-500,-250000,-2000000,0,0
42949643.99,0,500,-500,-250000,-2000000,0,0
42949644.0,0,500,-500,-250000,-2000000,0,0
42949644.01,0,500,-500,-250000,-2000000,0,0
42949644.02,0,500,-500,-250000,-2000000,0,0
42949644.03,0,500,-500,-250000,-2000000,0,0
42949644.04,0,500,-500,-250000,-2000000,0,0
42949644.05,0,500,-500,-250000,-2000000,0,0
42949644.06,0,500,-500,-250000,-2000000,0,0
42949644.07,0,500,-500,-250000,-2000000,0,0
42949644.08,0,500,-500,-250000,-2000000,0,0
42949644.09,0,500,-500,-250000,-2000000,0,0
42949644.1,0,500,-500,-250000,-2000000,0,0
42949644.11,0,500,-500,-250000,-2000000,0,0
42949644.12,0,500,-500,-250000,-2000000,0,0
42949644.13,0,500,-500,-250000,-2000000,0,0
42949644.14,0,500,-500,-250000,-2000000,0,0
42949644.15,0,500,-500,-250000,-2000000,0,0
42949644.16,0,500,-500,-250000,-2000000,0,0
42949644.17,0,500,-500,-250000,-2000000,0,0
42949644.18,0,500,-500,-250000,-2000000,0,0
42949644.19,0,500,-500,-250000,-2000000,0,0
42949644.2,0,500,-500,-250000,-2000000,0,0
42949644.21,0,500,-500,-250000,-2000000,0,0
42949644.22,0,500,-500,-250000,-2000000,0,0
42949644.23,0,500,-500,-250000,-2000000,0,0
42949644.24,0,500,-500,-250000,-2000000,0,0
42949644.25,0,500,-500,-250000,-2000000,0,0
42949644.26,0,500,-500,-250000,-2000000,0,0
42949644.27,0,500,-500,-250000,-2000000,0,0
42949644.28,0,500,-500,-250000,-2000000,0,0
42949644.29,0,500,-500,-250000,-2000000,0,0
42949644.3,0,500,-500,-250000,-2000000,0,0
42949644.31,0,500,-500,-250000,-2000000,0,0
42949644.32,0,500,-500,-250000,-2000000,0,0
42949644.33,0,500,-500,-250000,-2000000,0,0
42949644.34,0,500,-500,-250000,-2000000,0,0
42949644.35,0,500,-500,-250000,-2000000,0,0
42949644.36,0,500,-500,-250000,-2000000,0,0
42949644.37,0,500,-500,-250000,-2000000,0,0
42949644.38,0,500,-500,-250000,-2000000,0,0
42949644.39,0,500,-500,-250000,-2000000,0,0
42949644.4,0,500,-500,-250000,-2000000,0,0
42949644.41,0,500,-500,-250000,-2000000,0,0
42949644.42,0,500,-500,-250000,-2000000,0,0
42949644.43,0,500,-500,-250000,-2000000,0,0
42949644.44,0,500,-500,-250000,-2000000,0,0
42949644.45,0,500,-500,-250000,-2000000,0,0
42949644.46,0,500,-500,-250000,-2000000,0,0
42949644.47,0,500,-500,-250000,-2000000,0,0
42949644.48,0,500,-500,-250000,-2000000,0,0
42949644.49,0,500,-500,-250000,-2000000,0,0
42949644.5,0,500,-500,-250000,-2000000,0,0
42949644.51,0,500,-500,-250000,-2000000,0,0
42949644.52,0,500,-500,-250000,-2000000,0,0
42949644.53,0,500,-500,-250000,-2000000,0,0
42949644.54,0,500,-500,-250000,-2000000,0,0
42949644.55,0,500,-500,-250000,-2000000,0,0
42949644.56,0,500,-500,-250000,-2000000,0,0
42949644.57,0,500,-500,-250000,-2000000,0,0
42949644.58,0,500,-500,-250000,-2000000,0,0
42949644.59,0,500,-500,-250000,-2000000,0,0
42949644.6,0,500,-500,-250000,-2000000,0,0
42949644.61,0,500,-500,-250000,-2000000,0,0
42949644.62,0,500,-500,-250000,-2000000,0,0
42949644.63,0,500,-500,-250000,-2000000,0,0
42949644.64,0,500,-500,-250000,-2000000,0,0
42949644.65,0,500,-500,-250000,-2000000,0,0
42949644.66,0,500,-500,-250000,-2000000,0,0
42949644.67,0,500,-500,-250000,-2000000,0,0
42949644.68,0,500,-500,-250000,-2000000,0,0
42949644.69,0,500,-500,-250000,-2000000,0,0
42949644.7,0,500,-500,-250000,-2000000,0,0
42949644.71,0,500,-500,-250000,-2000000,0,0
42949644.72,0,500,-500,-250000,-2000000,0,0
42949644.73,0,500,-500,-250000,-2000000,0,0
42949644.74,0,500,-500,-250000,-2000000,0,0
42949644.75,0,500,-500,-250000,-2000000,0,0
42949644.76,0,500,-500,-250000,-2000000,0,0
42949644.77,0,500,-500,-250000,-2000000,0,0
42949644.78,0,500,-500,-250000,-2000000,0,0
42949644.79,0,500,-500,-250000,-2000000,0,0
42949644.8,0,500,-500,-250000,-2000000,0,0
42949644.81,0,500,-500,-250000,-2000000,0,0
42949644.82,0,500,-500,-250000,-2000000,0,0
42949644.83,0,500,-500,-250000,-2000000,0,0
42949644.84,0,500,-500,-250000,-2000000,0,0
42949644.85,0,500,-500,-250000,-2000000,0,0
42949644.86,0,500,-500,-250000,-2000000,0,0
42949644.87,0,500,-500,-250000,-2000000,0,0
42949644.88,0,500,-500,-250000,-2000000,0,0
42949644.89,0,500,-500,-250000,-2000000,0,0
42949644.9,0,500,-500,-250000,-2000000,0,0
42949644.91,0,500,-500,-250000,-2000000,0,0
42949644.92,0,500,-500,-250000,-2000000,0,0
42949644.93,0,500,-500,-250000,-2000000,0,0
42949644.94,0,500,-500,-250000,-2000000,0,0
42949644.95,0,500,-500,-250000,-2000000,0,0
42949644.96,0,500,-500,-250000,-2000000,0,0
42949644.97,0,500,-500,-250000,-2000000,0,0
42949644.98,0,500,-500,-250000,-2000000,0,0
42949644.99,0,500,-500,-250000,-2000000,0,0
42949645.0,0,500,-500,-250000,-2000000,0,0
42949645.01,0,500,-500,-250000,-2000000,0,0
42949645.02,0,500,-500,-250000,-2000000,0,0
42949645.03,0,500,-500,-250000,-2000000,0,0
42949645.04,0,500,-500,-250000,-2000000,0,0
42949645.05,0,500,-500,-250000,-2000000,0,0
42949645.06,0,500,-500,-250000,-2000000,0,0
42949645.07,0,500,-500,-250000,-2000000,0,0
42949645.08,0,500,-500,-250000,-2000000,0,0
42949645.09,0,500,-500,-250000,-2000000,0,0
42949645.1,0,500,-500,-250000,-2000000,0,0
42949645.11,0,500,-500,-250000,-2000000,0,0
42949645.12,0,500,-500,-250000,-2000000,0,0
42949645.13,0,500,-500,-250000,-2000000,0,0
42949645.14,0,500,-500,-250000,-2000000,0,0
42949645.15,0,500,-500,-250000,-2000000,0,0
42949645.16,0,500,-500,-250000,-2000000,0,0
42949645.17,0,500,-500,-250000,-2000000,0,0
42949645.18,0,500,-500,-250000,-2000000,0,0
42949645.19,0,500,-500,-250000,-2000000,0,0
42949645.2,0,500,-500,-250000,-2000000,0,0
42949645.21,0,500,-500,-250000,-2000000,0,0
42949645.22,0,500,-500,-250000,-2000000,0,0
42949645.23,0,500,-500,-250000,-2000000,0,0
42949645.24,0,500,-500,-250000,-2000000,0,0
42949645.25,0,500,-500,-250000,-2000000,0,0
42949645.26,0,500,-500,-250000,-2000000,0,0
42949645.27,0,500,-500,-250000,-2000000,0,0
42949645.28,0,500,-500,-250000,-2000000,0,0
42949645.29,0,500,-500,-250000,-2000000,0,0
42949645.3,0,500,-500,-250000,-2000000,0,0
42949645.31,0,500,-500,-250000,-2000000,0,0
42949645.32,0,500,-500,-250000,-2000000,0,0
42949645.33,0,500,-500,-250000,-2000000,0,0
42949645.34,0,500,-500,-250000,-2000000,0,0
42949645.35,0,500,-500,-250000,-2000000,0,0
42949645.36,0,500,-500,-250000,-2000000,0,0
42949645.37,0,500,-500,-250000,-2000000,0,0
42949645.38,0,500,-500,-250000,-2000000,0,0
42949645.39,0,500,-500,-250000,-2000000,0,0
42949645.4,0,500,-500,-250000,-2000000,0,0
42949645.41,0,500,-500,-250000,-2000000,0,0
42949645.42,0,500,-500,-250000,-2000000,0,0
42949645.43,0,500,-500,-250000,-2000000,0,0
42949645.44,0,500,-500,-250000,-2000000,0,0
42949645.45,0,500,-500,-250000,-2000000,0,0
42949645.46,0,500,-500,-250000,-2000000,0,0
42949645.47,0,500,-500,-250000,-2000000,0,0
42949645.48,0,500,-500,-250000,-2000000,0,0
42949645.49,0,500,-500,-250000,-2000000,0,0
42949645.5,0,500,-500,-250000,-2000000,0,0
42949645.51,0,500,-500,-250000,-2000000,0,0
42949645.52,0,500,-500,-250000,-2000000,0,0
42949645.53,0,500,-500,-250000,-2000000,0,0
42949645.54,0,500,-500,-250000,-2000000,0,0
42949645.55,0,500,-500,-250000,-2000000,0,0
42949645.56,0,500,-500,-250000,-2000000,0,0
42949645.57,0,500,-500,-250000,-2000000,0,0
42949645.58,0,500,-500,-250000,-2000000,0,0
42949645.59,0,500,-500,-250000,-2000000,0,0
42949645.6,0,500,-500,-250000,-2000000,0,0
42949645.61,0,500,-500,-250000,-2000000,0,0
42949645.62,0,500,-500,-250000,-2000000,0,0
42949645.63,0,500,-500,-250000,-2000000,0,0
42949645.64,0,500,-500,-250000,-2000000,0,0
42949645.65,0,500,-500,-250000,-2000000,0,0
42949645.66,0,500,-500,-250000,-2000000,0,0
42949645.67,0,500,-500,-250000,-2000000,0,0
