0.0,690,500,190,250000,760000,0,0
0.01,705,500,205,250000,820000,0,0
0.02,712,500,212,250000,848000,0,0
0.03,718,500,218,250000,872000,0,0
0.04,715,500,215,250000,860000,0,0
0.05,708,500,208,250000,832000,0,0
0.06,704,500,204,250000,816000,0,0
0.07,706,500,206,250000,824000,0,0
0.08,708,500,208,250000,832000,0,0
0.09,704,500,204,250000,816000,0,0
0.1,705,500,205,250000,820000,0,0
0.11,706,500,206,250000,824000,0,0
0.12,707,500,207,250000,828000,0,0
0.13,709,500,209,250000,836000,0,0
0.14,713,500,213,250000,852000,0,0
0.15,716,500,216,250000,864000,0,0
0.16,714,500,214,250000,856000,0,0
0.17,714,500,214,250000,856000,0,0
0.18,714,500,214,250000,856000,0,0
0.19,715,500,215,250000,860000,0,0
0.2,718,500,218,250000,872000,0,0
0.21,709,500,209,250000,836000,0,0
0.22,701,500,201,250000,804000,0,0
0.23,704,500,204,250000,816000,0,0
0.24,706,500,206,250000,824000,0,0
0.25,704,500,204,250000,816000,0,0
0.26,703,500,203,250000,812000,0,0
0.27,706,500,206,250000,824000,0,0
0.28,705,500,205,250000,820000,0,0
0.29,704,500,204,250000,816000,0,0
0.3,703,500,203,250000,812000,0,0
0.31,704,500,204,250000,816000,0,0
0.32,707,500,207,250000,828000,0,0
0.33,704,500,204,250000,816000,0,0
0.34,703,500,203,250000,812000,0,0
0.35,706,500,206,250000,824000,0,0
0.36,706,500,206,250000,824000,0,0
0.37,706,500,206,250000,824000,0,0
0.38,711,500,211,250000,844000,0,0
0.39,714,500,214,250000,856000,0,0
0.4,715,500,215,250000,860000,0,0
0.41,712,500,212,250000,848000,0,0
0.42,712,500,212,250000,848000,0,0
0.43,713,500,213,250000,852000,0,0
0.44,715,500,215,250000,860000,0,0
0.45,712,500,212,250000,848000,0,0
0.46,704,500,204,250000,816000,0,0
0.47,704,500,204,250000,816000,0,0
0.48,706,500,206,250000,824000,0,0
0.49,705,500,205,250000,820000,0,0
0.5,708,500,208,250000,832000,0,0
0.51,715,500,215,250000,860000,0,0
0.52,715,500,215,250000,860000,0,0
0.53,711,500,211,250000,844000,0,0
0.54,706,500,206,250000,824000,0,0
0.55,702,500,202,250000,808000,0,0
0.56,707,500,207,250000,828000,0,0
0.57,707,500,207,250000,828000,0,0
0.58,708,500,208,250000,832000,0,0
0.59,715,500,215,250000,860000,0,0
0.6,715,500,215,250000,860000,0,0
0.61,713,500,213,250000,852000,0,0
0.62,707,500,207,250000,828000,0,0
0.63,702,500,202,250000,808000,0,0
0.64,706,500,206,250000,824000,0,0
0.65,705,500,205,250000,820000,0,0
0.66,702,500,202,250000,808000,0,0
0.67,705,500,205,250000,820000,0,0
0.68,706,500,206,250000,824000,0,0
0.69,705,500,205,250000,820000,0,0
0.7,704,500,204,250000,816000,0,0
0.71,703,500,203,250000,812000,0,0
0.72,706,500,206,250000,824000,0,0
0.73,705,500,205,250000,820000,0,0
0.74,704,500,204,250000,816000,0,0
0.75,704,500,204,250000,816000,0,0
0.76,705,500,205,250000,820000,0,0
0.77,706,500,206,250000,824000,0,0
0.78,704,500,204,250000,816000,0,0
0.79,704,500,204,250000,816000,0,0
0.8,706,500,206,250000,824000,0,0
0.81,705,500,205,250000,820000,0,0
0.82,704,500,204,250000,816000,0,0
0.83,703,500,203,250000,812000,0,0
0.84,706,500,206,250000,824000,0,0
0.85,707,500,207,250000,828000,0,0
0.86,706,500,206,250000,824000,0,0
0.87,712,500,212,250000,848000,0,0
0.88,716,500,216,250000,864000,0,0
0.89,714,500,214,250000,856000,0,0
0.9,713,500,213,250000,852000,0,0
0.91,709,500,209,250000,836000,0,0
0.92,715,500,215,250000,860000,0,0
0.93,716,500,216,250000,864000,0,0
0.94,709,500,209,250000,836000,0,0
0.95,703,500,203,250000,812000,0,0
0.96,704,500,204,250000,816000,0,0
0.97,707,500,207,250000,828000,0,0
0.98,706,500,206,250000,824000,0,0
0.99,710,500,210,250000,840000,0,0
1.0,715,500,215,250000,860000,0,0
1.01,714,500,214,250000,856000,0,0
1.02,711,500,211,250000,844000,0,0
1.03,704,500,204,250000,816000,0,0
1.04,703,500,203,250000,812000,0,0
1.05,707,500,207,250000,828000,0,0
1.06,704,500,204,250000,816000,0,0
1.07,702,500,202,250000,808000,0,0
1.08,707,500,207,250000,828000,0,0
1.09,706,500,206,250000,824000,0,0
1.1,704,500,204,250000,816000,0,0
1.11,702,500,202,250000,808000,0,0
1.12,705,500,205,250000,820000,0,0
1.13,706,500,206,250000,824000,0,0
1.14,704,500,204,250000,816000,0,0
1.15,703,500,203,250000,812000,0,0
1.16,704,500,204,250000,816000,0,0
1.17,706,500,206,250000,824000,0,0
1.18,706,500,206,250000,824000,0,0
1.19,709,500,209,250000,836000,0,0
1.2,715,500,215,250000,860000,0,0
1.21,716,500,216,250000,864000,0,0
1.22,713,500,213,250000,852000,0,0
1.23,706,500,206,250000,824000,0,0
1.24,704,500,204,250000,816000,0,0
1.25,707,500,207,250000,828000,0,0
1.26,707,500,207,250000,828000,0,0
1.27,704,500,204,250000,816000,0,0
1.28,706,500,206,250000,824000,0,0
1.29,706,500,206,250000,824000,0,0
1.3,707,500,207,250000,828000,0,0
1.31,710,500,210,250000,840000,0,0
1.32,715,500,215,250000,860000,0,0
1.33,716,500,216,250000,864000,0,0
1.34,715,500,215,250000,860000,0,0
1.35,713,500,213,250000,852000,0,0
1.36,713,500,213,250000,852000,0,0
1.37,716,500,216,250000,864000,0,0
1.38,715,500,215,250000,860000,0,0
1.39,708,500,208,250000,832000,0,0
1.4,704,500,204,250000,816000,0,0
1.41,706,500,206,250000,824000,0,0
1.42,707,500,207,250000,828000,0,0
1.43,704,500,204,250000,816000,0,0
1.44,705,500,205,250000,820000,0,0
1.45,708,500,208,250000,832000,0,0
1.46,707,500,207,250000,828000,0,0
1.47,709,500,209,250000,836000,0,0
1.48,713,500,213,250000,852000,0,0
1.49,718,500,218,250000,872000,0,0
1.5,714,500,214,250000,856000,0,0
1.51,715,500,215,250000,860000,0,0
1.52,714,500,214,250000,856000,0,0
1.53,715,500,215,250000,860000,0,0
1.54,718,500,218,250000,872000,0,0
1.55,713,500,213,250000,852000,0,0
1.56,713,500,213,250000,852000,0,0
1.57,716,500,216,250000,864000,0,0
1.58,715,500,215,250000,860000,0,0
1.59,708,500,208,250000,832000,0,0
1.6,704,500,204,250000,816000,0,0
1.61,706,500,206,250000,824000,0,0
1.62,709,500,209,250000,836000,0,0
1.63,704,500,204,250000,816000,0,0
1.64,705,500,205,250000,820000,0,0
1.65,706,500,206,250000,824000,0,0
1.66,707,500,207,250000,828000,0,0
1.67,705,500,205,250000,820000,0,0
1.68,704,500,204,250000,816000,0,0
1.69,706,500,206,250000,824000,0,0
1.7,706,500,206,250000,824000,0,0
1.71,705,500,205,250000,820000,0,0
1.72,704,500,204,250000,816000,0,0
1.73,706,500,206,250000,824000,0,0
1.74,708,500,208,250000,832000,0,0
1.75,706,500,206,250000,824000,0,0
1.76,704,500,204,250000,816000,0,0
1.77,706,500,206,250000,824000,0,0
1.78,707,500,207,250000,828000,0,0
1.79,705,500,205,250000,820000,0,0
1.8,704,500,204,250000,816000,0,0
1.81,706,500,206,250000,824000,0,0
1.82,709,500,209,250000,836000,0,0
1.83,706,500,206,250000,824000,0,0
1.84,704,500,204,250000,816000,0,0
1.85,706,500,206,250000,824000,0,0
1.86,708,500,208,250000,832000,0,0
1.87,707,500,207,250000,828000,0,0
1.88,711,500,211,250000,844000,0,0
1.89,715,500,215,250000,860000,0,0
1.9,715,500,215,250000,860000,0,0
1.91,714,500,214,250000,856000,0,0
1.92,713,500,213,250000,852000,0,0
1.93,713,500,213,250000,852000,0,0
1.94,718,500,218,250000,872000,0,0
1.95,715,500,215,250000,860000,0,0
1.96,712,500,212,250000,848000,0,0
1.97,715,500,215,250000,860000,0,0
1.98,716,500,216,250000,864000,0,0
1.99,715,500,215,250000,860000,0,0
2.0,712,500,212,250000,848000,0,0
2.01,714,500,214,250000,856000,0,0
2.02,718,500,218,250000,872000,0,0
2.03,715,500,215,250000,860000,0,0
2.04,712,500,212,250000,848000,0,0
2.05,713,500,213,250000,852000,0,0
2.06,718,500,218,250000,872000,0,0
2.07,718,500,218,250000,872000,0,0
2.08,712,500,212,250000,848000,0,0
2.09,713,500,213,250000,852000,0,0
2.1,716,500,216,250000,864000,0,0
2.11,715,500,215,250000,860000,0,0
2.12,713,500,213,250000,852000,0,0
2.13,713,500,213,250000,852000,0,0
2.14,720,500,220,250000,880000,0,0
2.15,716,500,216,250000,864000,0,0
2.16,713,500,213,250000,852000,0,0
2.17,712,500,212,250000,848000,0,0
2.18,716,500,216,250000,864000,0,0
2.19,716,500,216,250000,864000,0,0
2.2,709,500,209,250000,836000,0,0
2.21,703,500,203,250000,812000,0,0
2.22,706,500,206,250000,824000,0,0
2.23,707,500,207,250000,828000,0,0
2.24,703,500,203,250000,812000,0,0
2.25,701,500,201,250000,804000,0,0
2.26,706,500,206,250000,824000,0,0
2.27,706,500,206,250000,824000,0,0
2.28,704,500,204,250000,816000,0,0
2.29,703,500,203,250000,812000,0,0
2.3,706,500,206,250000,824000,0,0
2.31,707,500,207,250000,828000,0,0
2.32,704,500,204,250000,816000,0,0
2.33,704,500,204,250000,816000,0,0
2.34,705,500,205,250000,820000,0,0
2.35,706,500,206,250000,824000,0,0
2.36,704,500,204,250000,816000,0,0
2.37,704,500,204,250000,816000,0,0
2.38,705,500,205,250000,820000,0,0
2.39,707,500,207,250000,828000,0,0
2.4,706,500,206,250000,824000,0,0
2.41,711,500,211,250000,844000,0,0
2.42,716,500,216,250000,864000,0,0
2.43,714,500,214,250000,856000,0,0
2.44,711,500,211,250000,844000,0,0
2.45,704,500,204,250000,816000,0,0
2.46,703,500,203,250000,812000,0,0
2.47,708,500,208,250000,832000,0,0
2.48,704,500,204,250000,816000,0,0
2.49,703,500,203,250000,812000,0,0
2.5,704,500,204,250000,816000,0,0
2.51,705,500,205,250000,820000,0,0
2.52,706,500,206,250000,824000,0,0
2.53,703,500,203,250000,812000,0,0
2.54,704,500,204,250000,816000,0,0
2.55,706,500,206,250000,824000,0,0
2.56,704,500,204,250000,816000,0,0
2.57,704,500,204,250000,816000,0,0
2.58,705,500,205,250000,820000,0,0
2.59,706,500,206,250000,824000,0,0
2.6,705,500,205,250000,820000,0,0
2.61,703,500,203,250000,812000,0,0
2.62,704,500,204,250000,816000,0,0
2.63,706,500,206,250000,824000,0,0
2.64,704,500,204,250000,816000,0,0
2.65,703,500,203,250000,812000,0,0
2.66,708,500,208,250000,832000,0,0
2.67,707,500,207,250000,828000,0,0
2.68,705,500,205,250000,820000,0,0
2.69,703,500,203,250000,812000,0,0
2.7,703,500,203,250000,812000,0,0
2.71,706,500,206,250000,824000,0,0
2.72,706,500,206,250000,824000,0,0
2.73,708,500,208,250000,832000,0,0
2.74,714,500,214,250000,856000,0,0
2.75,714,500,214,250000,856000,0,0
2.76,712,500,212,250000,848000,0,0
2.77,707,500,207,250000,828000,0,0
2.78,702,500,202,250000,808000,0,0
2.79,706,500,206,250000,824000,0,0
2.8,706,500,206,250000,824000,0,0
2.81,703,500,203,250000,812000,0,0
2.82,704,500,204,250000,816000,0,0
