0.0,705,500,205,250000,820000,0,0
42949586.53,563,500,63,250000,252000,0,0
42949586.54,572,500,72,250000,288000,0,0
42949586.55,461,500,-39,-156000,-156000,0,0
42949586.56,462,500,-38,-152000,-152000,0,0
42949586.57,491,500,-9,-36000,-36000,0,0
42949586.58,466,500,-34,-136000,-136000,0,0
42949586.59,476,500,-24,-96000,-96000,0,0
42949586.6,481,500,-19,-76000,-76000,0,0
42949586.61,469,500,-31,-124000,-124000,0,0
42949586.62,481,500,-19,-76000,-76000,0,0
42949586.63,474,500,-26,-104000,-104000,0,0
42949586.64,476,500,-24,-96000,-96000,0,0
42949586.65,478,500,-22,-88000,-88000,0,0
42949586.66,471,500,-29,-116000,-116000,0,0
42949586.67,479,500,-21,-84000,-84000,0,0
42949586.68,474,500,-26,-104000,-104000,0,0
42949586.69,476,500,-24,-96000,-96000,0,0
42949586.7,476,500,-24,-96000,-96000,0,0
42949586.71,474,500,-26,-104000,-104000,0,0
42949586.72,479,500,-21,-84000,-84000,0,0
42949586.73,474,500,-26,-104000,-104000,0,0
42949586.74,476,500,-24,-96000,-96000,0,0
42949586.75,476,500,-24,-96000,-96000,0,0
42949586.76,476,500,-24,-96000,-96000,0,0
42949586.77,477,500,-23,-92000,-92000,0,0
42949586.78,474,500,-26,-104000,-104000,0,0
42949586.79,477,500,-23,-92000,-92000,0,0
42949586.8,476,500,-24,-96000,-96000,0,0
42949586.81,475,500,-25,-100000,-100000,0,0
42949586.82,475,500,-25,-100000,-100000,0,0
42949586.83,475,500,-25,-100000,-100000,0,0
42949586.84,477,500,-23,-92000,-92000,0,0
42949586.85,475,500,-25,-100000,-100000,0,0
42949586.86,475,500,-25,-100000,-100000,0,0
42949586.87,476,500,-24,-96000,-96000,0,0
42949586.88,476,500,-24,-96000,-96000,0,0
42949586.89,476,500,-24,-96000,-96000,0,0
42949586.9,475,500,-25,-100000,-100000,0,0
42949586.91,476,500,-24,-96000,-96000,0,0
42949586.92,477,500,-23,-92000,-92000,0,0
42949586.93,476,500,-24,-96000,-96000,0,0
42949586.94,475,500,-25,-100000,-100000,0,0
42949586.95,476,500,-24,-96000,-96000,0,0
42949586.96,477,500,-23,-92000,-92000,0,0
42949586.97,476,500,-24,-96000,-96000,0,0
42949586.98,475,500,-25,-100000,-100000,0,0
42949586.99,476,500,-24,-96000,-96000,0,0
42949587.0,476,500,-24,-96000,-96000,0,0
42949587.01,476,500,-24,-96000,-96000,0,0
42949587.02,475,500,-25,-100000,-100000,0,0
42949587.03,476,500,-24,-96000,-96000,0,0
42949587.04,477,500,-23,-92000,-92000,0,0
42949587.05,476,500,-24,-96000,-96000,0,0
42949587.06,475,500,-25,-100000,-100000,0,0
42949587.07,476,500,-24,-96000,-96000,0,0
42949587.08,477,500,-23,-92000,-92000,0,0
42949587.09,476,500,-24,-96000,-96000,0,0
42949587.1,475,500,-25,-100000,-100000,0,0
42949587.11,476,500,-24,-96000,-96000,0,0
42949587.12,477,500,-23,-92000,-92000,0,0
42949587.13,477,500,-23,-92000,-92000,0,0
42949587.14,475,500,-25,-100000,-100000,0,0
42949587.15,476,500,-24,-96000,-96000,0,0
42949587.16,476,500,-24,-96000,-96000,0,0
42949587.17,476,500,-24,-96000,-96000,0,0
42949587.18,475,500,-25,-100000,-100000,0,0
42949587.19,475,500,-25,-100000,-100000,0,0
42949587.2,476,500,-24,-96000,-96000,0,0
42949587.21,476,500,-24,-96000,-96000,0,0
42949587.22,475,500,-25,-100000,-100000,0,0
42949587.23,475,500,-25,-100000,-100000,0,0
42949587.24,476,500,-24,-96000,-96000,0,0
42949587.25,476,500,-24,-96000,-96000,0,0
42949587.26,476,500,-24,-96000,-96000,0,0
42949587.27,475,500,-25,-100000,-100000,0,0
42949587.28,476,500,-24,-96000,-96000,0,0
42949587.29,476,500,-24,-96000,-96000,0,0
42949587.3,475,500,-25,-100000,-100000,0,0
42949587.31,475,500,-25,-100000,-100000,0,0
42949587.32,476,500,-24,-96000,-96000,0,0
42949587.33,476,500,-24,-96000,-96000,0,0
42949587.34,475,500,-25,-100000,-100000,0,0
42949587.35,475,500,-25,-100000,-100000,0,0
42949587.36,476,500,-24,-96000,-96000,0,0
42949587.37,476,500,-24,-96000,-96000,0,0
42949587.38,475,500,-25,-100000,-100000,0,0
42949587.39,475,500,-25,-100000,-100000,0,0
42949587.4,476,500,-24,-96000,-96000,0,0
42949587.41,476,500,-24,-96000,-96000,0,0
42949587.42,475,500,-25,-100000,-100000,0,0
42949587.43,475,500,-25,-100000,-100000,0,0
42949587.44,476,500,-24,-96000,-96000,0,0
42949587.45,476,500,-24,-96000,-96000,0,0
42949587.46,475,500,-25,-100000,-100000,0,0
42949587.47,475,500,-25,-100000,-100000,0,0
42949587.48,476,500,-24,-96000,-96000,0,0
42949587.49,476,500,-24,-96000,-96000,0,0
42949587.5,476,500,-24,-96000,-96000,0,0
42949587.51,475,500,-25,-100000,-100000,0,0
42949587.52,476,500,-24,-96000,-96000,0,0
42949587.53,476,500,-24,-96000,-96000,0,0
42949587.54,475,500,-25,-100000,-100000,0,0
42949587.55,475,500,-25,-100000,-100000,0,0
42949587.56,476,500,-24,-96000,-96000,0,0
42949587.57,476,500,-24,-96000,-96000,0,0
42949587.58,476,500,-24,-96000,-96000,0,0
42949587.59,475,500,-25,-100000,-100000,0,0
42949587.6,475,500,-25,-100000,-100000,0,0
42949587.61,476,500,-24,-96000,-96000,0,0
42949587.62,475,500,-25,-100000,-100000,0,0
42949587.63,474,500,-26,-104000,-104000,0,0
42949587.64,477,500,-23,-92000,-92000,0,0
42949587.65,476,500,-24,-96000,-96000,0,0
42949587.66,474,500,-26,-104000,-104000,0,0
42949587.67,469,500,-31,-124000,-124000,0,0
42949587.68,467,500,-33,-132000,-132000,0,0
42949587.69,469,500,-31,-124000,-124000,0,0
42949587.7,470,500,-30,-120000,-120000,0,0
42949587.71,472,500,-28,-112000,-112000,0,0
42949587.72,476,500,-24,-96000,-96000,0,0
42949587.73,475,500,-25,-100000,-100000,0,0
42949587.74,475,500,-25,-100000,-100000,0,0
42949587.75,475,500,-25,-100000,-100000,0,0
42949587.76,474,500,-26,-104000,-104000,0,0
42949587.77,476,500,-24,-96000,-96000,0,0
42949587.78,475,500,-25,-100000,-100000,0,0
42949587.79,474,500,-26,-104000,-104000,0,0
42949587.8,475,500,-25,-100000,-100000,0,0
42949587.81,476,500,-24,-96000,-96000,0,0
42949587.82,476,500,-24,-96000,-96000,0,0
42949587.83,475,500,-25,-100000,-100000,0,0
42949587.84,475,500,-25,-100000,-100000,0,0
42949587.85,476,500,-24,-96000,-96000,0,0
42949587.86,476,500,-24,-96000,-96000,0,0
42949587.87,474,500,-26,-104000,-104000,0,0
42949587.88,475,500,-25,-100000,-100000,0,0
42949587.89,476,500,-24,-96000,-96000,0,0
42949587.9,475,500,-25,-100000,-100000,0,0
42949587.91,474,500,-26,-104000,-104000,0,0
42949587.92,475,500,-25,-100000,-100000,0,0
42949587.93,476,500,-24,-96000,-96000,0,0
42949587.94,475,500,-25,-100000,-100000,0,0
42949587.95,474,500,-26,-104000,-104000,0,0
42949587.96,474,500,-26,-104000,-104000,0,0
42949587.97,476,500,-24,-96000,-96000,0,0
42949587.98,475,500,-25,-100000,-100000,0,0
42949587.99,471,500,-29,-116000,-116000,0,0
42949588.0,467,500,-33,-132000,-132000,0,0
42949588.01,468,500,-32,-128000,-128000,0,0
42949588.02,470,500,-30,-120000,-120000,0,0
42949588.03,470,500,-30,-120000,-120000,0,0
42949588.04,475,500,-25,-100000,-100000,0,0
42949588.05,476,500,-24,-96000,-96000,0,0
42949588.06,475,500,-25,-100000,-100000,0,0
42949588.07,475,500,-25,-100000,-100000,0,0
42949588.08,474,500,-26,-104000,-104000,0,0
42949588.09,475,500,-25,-100000,-100000,0,0
42949588.1,476,500,-24,-96000,-96000,0,0
42949588.11,474,500,-26,-104000,-104000,0,0
42949588.12,475,500,-25,-100000,-100000,0,0
42949588.13,475,500,-25,-100000,-100000,0,0
42949588.14,476,500,-24,-96000,-96000,0,0
42949588.15,475,500,-25,-100000,-100000,0,0
42949588.16,474,500,-26,-104000,-104000,0,0
42949588.17,475,500,-25,-100000,-100000,0,0
42949588.18,476,500,-24,-96000,-96000,0,0
42949588.19,475,500,-25,-100000,-100000,0,0
42949588.2,474,500,-26,-104000,-104000,0,0
42949588.21,474,500,-26,-104000,-104000,0,0
42949588.22,476,500,-24,-96000,-96000,0,0
42949588.23,475,500,-25,-100000,-100000,0,0
42949588.24,475,500,-25,-100000,-100000,0,0
42949588.25,475,500,-25,-100000,-100000,0,0
42949588.26,476,500,-24,-96000,-96000,0,0
42949588.27,475,500,-25,-100000,-100000,0,0
42949588.28,474,500,-26,-104000,-104000,0,0
42949588.29,476,500,-24,-96000,-96000,0,0
42949588.3,476,500,-24,-96000,-96000,0,0
42949588.31,475,500,-25,-100000,-100000,0,0
42949588.32,474,500,-26,-104000,-104000,0,0
42949588.33,475,500,-25,-100000,-100000,0,0
42949588.34,476,500,-24,-96000,-96000,0,0
42949588.35,475,500,-25,-100000,-100000,0,0
42949588.36,474,500,-26,-104000,-104000,0,0
42949588.37,475,500,-25,-100000,-100000,0,0
42949588.38,476,500,-24,-96000,-96000,0,0
42949588.39,475,500,-25,-100000,-100000,0,0
42949588.4,474,500,-26,-104000,-104000,0,0
42949588.41,475,500,-25,-100000,-100000,0,0
42949588.42,476,500,-24,-96000,-96000,0,0
42949588.43,475,500,-25,-100000,-100000,0,0
42949588.44,474,500,-26,-104000,-104000,0,0
42949588.45,475,500,-25,-100000,-100000,0,0
42949588.46,476,500,-24,-96000,-96000,0,0
42949588.47,475,500,-25,-100000,-100000,0,0
42949588.48,474,500,-26,-104000,-104000,0,0
42949588.49,475,500,-25,-100000,-100000,0,0
42949588.5,476,500,-24,-96000,-96000,0,0
42949588.51,476,500,-24,-96000,-96000,0,0
42949588.52,474,500,-26,-104000,-104000,0,0
42949588.53,475,500,-25,-100000,-100000,0,0
42949588.54,476,500,-24,-96000,-96000,0,0
42949588.55,475,500,-25,-100000,-100000,0,0
42949588.56,474,500,-26,-104000,-104000,0,0
42949588.57,475,500,-25,-100000,-100000,0,0
42949588.58,476,500,-24,-96000,-96000,0,0
42949588.59,476,500,-24,-96000,-96000,0,0
42949588.6,475,500,-25,-100000,-100000,0,0
42949588.61,475,500,-25,-100000,-100000,0,0
42949588.62,476,500,-24,-96000,-96000,0,0
42949588.63,476,500,-24,-96000,-96000,0,0
42949588.64,475,500,-25,-100000,-100000,0,0
42949588.65,475,500,-25,-100000,-100000,0,0
42949588.66,476,500,-24,-96000,-96000,0,0
42949588.67,476,500,-24,-96000,-96000,0,0
42949588.68,475,500,-25,-100000,-100000,0,0
42949588.69,476,500,-24,-96000,-96000,0,0
42949588.7,476,500,-24,-96000,-96000,0,0
42949588.71,476,500,-24,-96000,-96000,0,0
42949588.72,475,500,-25,-100000,-100000,0,0
42949588.73,475,500,-25,-100000,-100000,0,0
42949588.74,476,500,-24,-96000,-96000,0,0
42949588.75,476,500,-24,-96000,-96000,0,0
42949588.76,473,500,-27,-108000,-108000,0,0
42949588.77,468,500,-32,-128000,-128000,0,0
42949588.78,469,500,-31,-124000,-124000,0,0
42949588.79,471,500,-29,-116000,-116000,0,0
42949588.8,471,500,-29,-116000,-116000,0,0
42949588.81,475,500,-25,-100000,-100000,0,0
42949588.82,477,500,-23,-92000,-92000,0,0
42949588.83,475,500,-25,-100000,-100000,0,0
42949588.84,473,500,-27,-108000,-108000,0,0
42949588.85,469,500,-31,-124000,-124000,0,0
42949588.86,468,500,-32,-128000,-128000,0,0
42949588.87,471,500,-29,-116000,-116000,0,0
42949588.88,468,500,-32,-128000,-128000,0,0
42949588.89,468,500,-32,-128000,-128000,0,0
42949588.9,469,500,-31,-124000,-124000,0,0
42949588.91,469,500,-31,-124000,-124000,0,0
42949588.92,471,500,-29,-116000,-116000,0,0
42949588.93,474,500,-26,-104000,-104000,0,0
42949588.94,477,500,-23,-92000,-92000,0,0
42949588.95,476,500,-24,-96000,-96000,0,0
42949588.96,474,500,-26,-104000,-104000,0,0
42949588.97,475,500,-25,-100000,-100000,0,0
42949588.98,475,500,-25,-100000,-100000,0,0
42949588.99,477,500,-23,-92000,-92000,0,0
42949589.0,474,500,-26,-104000,-104000,0,0
42949589.01,470,500,-30,-120000,-120000,0,0
42949589.02,469,500,-31,-124000,-124000,0,0
42949589.03,470,500,-30,-120000,-120000,0,0
42949589.04,471,500,-29,-116000,-116000,0,0
42949589.05,473,500,-27,-108000,-108000,0,0
42949589.06,477,500,-23,-92000,-92000,0,0
42949589.07,476,500,-24,-96000,-96000,0,0
42949589.08,474,500,-26,-104000,-104000,0,0
42949589.09,470,500,-30,-120000,-120000,0,0
42949589.1,467,500,-33,-132000,-132000,0,0
42949589.11,470,500,-30,-120000,-120000,0,0
42949589.12,470,500,-30,-120000,-120000,0,0
42949589.13,473,500,-27,-108000,-108000,0,0
42949589.14,477,500,-23,-92000,-92000,0,0
42949589.15,476,500,-24,-96000,-96000,0,0
42949589.16,476,500,-24,-96000,-96000,0,0
42949589.17,476,500,-24,-96000,-96000,0,0
42949589.18,475,500,-25,-100000,-100000,0,0
42949589.19,477,500,-23,-92000,-92000,0,0
42949589.2,476,500,-24,-96000,-96000,0,0
42949589.21,475,500,-25,-100000,-100000,0,0
42949589.22,476,500,-24,-96000,-96000,0,0
42949589.23,476,500,-24,-96000,-96000,0,0
42949589.24,476,500,-24,-96000,-96000,0,0
42949589.25,475,500,-25,-100000,-100000,0,0
42949589.26,476,500,-24,-96000,-96000,0,0
42949589.27,476,500,-24,-96000,-96000,0,0
42949589.28,476,500,-24,-96000,-96000,0,0
42949589.29,475,500,-25,-100000,-100000,0,0
42949589.3,476,500,-24,-96000,-96000,0,0
42949589.31,476,500,-24,-96000,-96000,0,0
42949589.32,476,500,-24,-96000,-96000,0,0
42949589.33,476,500,-24,-96000,-96000,0,0
42949589.34,476,500,-24,-96000,-96000,0,0
42949589.35,476,500,-24,-96000,-96000,0,0
42949589.36,476,500,-24,-96000,-96000,0,0
42949589.37,475,500,-25,-100000,-100000,0,0
42949589.38,475,500,-25,-100000,-100000,0,0
42949589.39,476,500,-24,-96000,-96000,0,0
42949589.4,476,500,-24,-96000,-96000,0,0
42949589.41,475,500,-25,-100000,-100000,0,0
42949589.42,475,500,-25,-100000,-100000,0,0
42949589.43,476,500,-24,-96000,-96000,0,0
42949589.44,476,500,-24,-96000,-96000,0,0
42949589.45,472,500,-28,-112000,-112000,0,0
42949589.46,468,500,-32,-128000,-128000,0,0
42949589.47,469,500,-31,-124000,-124000,0,0
42949589.48,471,500,-29,-116000,-116000,0,0
42949589.49,471,500,-29,-116000,-116000,0,0
42949589.5,475,500,-25,-100000,-100000,0,0
42949589.51,477,500,-23,-92000,-92000,0,0
42949589.52,476,500,-24,-96000,-96000,0,0
42949589.53,473,500,-27,-108000,-108000,0,0
42949589.54,469,500,-31,-124000,-124000,0,0
42949589.55,468,500,-32,-128000,-128000,0,0
42949589.56,471,500,-29,-116000,-116000,0,0
42949589.57,470,500,-30,-120000,-120000,0,0
42949589.58,475,500,-25,-100000,-100000,0,0
42949589.59,477,500,-23,-92000,-92000,0,0
42949589.6,474,500,-26,-104000,-104000,0,0
42949589.61,473,500,-27,-108000,-108000,0,0
42949589.62,468,500,-32,-128000,-128000,0,0
42949589.63,467,500,-33,-132000,-132000,0,0
42949589.64,470,500,-30,-120000,-120000,0,0
42949589.65,470,500,-30,-120000,-120000,0,0
42949589.66,473,500,-27,-108000,-108000,0,0
42949589.67,477,500,-23,-92000,-92000,0,0
42949589.68,475,500,-25,-100000,-100000,0,0
42949589.69,475,500,-25,-100000,-100000,0,0
42949589.7,474,500,-26,-104000,-104000,0,0
42949589.71,475,500,-25,-100000,-100000,0,0
42949589.72,476,500,-24,-96000,-96000,0,0
42949589.73,475,500,-25,-100000,-100000,0,0
42949589.74,474,500,-26,-104000,-104000,0,0
42949589.75,475,500,-25,-100000,-100000,0,0
42949589.76,475,500,-25,-100000,-100000,0,0
42949589.77,475,500,-25,-100000,-100000,0,0
42949589.78,474,500,-26,-104000,-104000,0,0
42949589.79,475,500,-25,-100000,-100000,0,0
42949589.8,475,500,-25,-100000,-100000,0,0
42949589.81,475,500,-25,-100000,-100000,0,0
42949589.82,474,500,-26,-104000,-104000,0,0
42949589.83,475,500,-25,-100000,-100000,0,0
42949589.84,476,500,-24,-96000,-96000,0,0
42949589.85,475,500,-25,-100000,-100000,0,0
42949589.86,474,500,-26,-104000,-104000,0,0
42949589.87,475,500,-25,-100000,-100000,0,0
42949589.88,476,500,-24,-96000,-96000,0,0
42949589.89,475,500,-25,-100000,-100000,0,0
42949589.9,474,500,-26,-104000,-104000,0,0
42949589.91,475,500,-25,-100000,-100000,0,0
42949589.92,476,500,-24,-96000,-96000,0,0
42949589.93,475,500,-25,-100000,-100000,0,0
42949589.94,474,500,-26,-104000,-104000,0,0
42949589.95,474,500,-26,-104000,-104000,0,0
42949589.96,476,500,-24,-96000,-96000,0,0
42949589.97,476,500,-24,-96000,-96000,0,0
42949589.98,474,500,-26,-104000,-104000,0,0
42949589.99,475,500,-25,-100000,-100000,0,0
42949590.0,476,500,-24,-96000,-96000,0,0
42949590.01,476,500,-24,-96000,-96000,0,0
42949590.02,474,500,-26,-104000,-104000,0,0
42949590.03,474,500,-26,-104000,-104000,0,0
42949590.04,476,500,-24,-96000,-96000,0,0
42949590.05,476,500,-24,-96000,-96000,0,0
42949590.06,474,500,-26,-104000,-104000,0,0
42949590.07,474,500,-26,-104000,-104000,0,0
42949590.08,475,500,-25,-100000,-100000,0,0
42949590.09,476,500,-24,-96000,-96000,0,0
42949590.1,474,500,-26,-104000,-104000,0,0
42949590.11,474,500,-26,-104000,-104000,0,0
42949590.12,475,500,-25,-100000,-100000,0,0
42949590.13,475,500,-25,-100000,-100000,0,0
42949590.14,474,500,-26,-104000,-104000,0,0
42949590.15,475,500,-25,-100000,-100000,0,0
42949590.16,475,500,-25,-100000,-100000,0,0
42949590.17,475,500,-25,-100000,-100000,0,0
42949590.18,472,500,-28,-112000,-112000,0,0
42949590.19,467,500,-33,-132000,-132000,0,0
42949590.2,468,500,-32,-128000,-128000,0,0
42949590.21,470,500,-30,-120000,-120000,0,0
42949590.22,470,500,-30,-120000,-120000,0,0
42949590.23,474,500,-26,-104000,-104000,0,0
42949590.24,476,500,-24,-96000,-96000,0,0
42949590.25,474,500,-26,-104000,-104000,0,0
42949590.26,473,500,-27,-108000,-108000,0,0
42949590.27,468,500,-32,-128000,-128000,0,0
42949590.28,467,500,-33,-132000,-132000,0,0
42949590.29,470,500,-30,-120000,-120000,0,0
42949590.3,469,500,-31,-124000,-124000,0,0
42949590.31,474,500,-26,-104000,-104000,0,0
42949590.32,476,500,-24,-96000,-96000,0,0
42949590.33,474,500,-26,-104000,-104000,0,0
42949590.34,475,500,-25,-100000,-100000,0,0
42949590.35,475,500,-25,-100000,-100000,0,0
42949590.36,475,500,-25,-100000,-100000,0,0
42949590.37,476,500,-24,-96000,-96000,0,0
42949590.38,474,500,-26,-104000,-104000,0,0
42949590.39,474,500,-26,-104000,-104000,0,0
42949590.4,475,500,-25,-100000,-100000,0,0
42949590.41,476,500,-24,-96000,-96000,0,0
42949590.42,476,500,-24,-96000,-96000,0,0
42949590.43,474,500,-26,-104000,-104000,0,0
42949590.44,475,500,-25,-100000,-100000,0,0
42949590.45,476,500,-24,-96000,-96000,0,0
42949590.46,475,500,-25,-100000,-100000,0,0
42949590.47,474,500,-26,-104000,-104000,0,0
42949590.48,475,500,-25,-100000,-100000,0,0
42949590.49,476,500,-24,-96000,-96000,0,0
42949590.5,474,500,-26,-104000,-104000,0,0
42949590.51,469,500,-31,-124000,-124000,0,0
42949590.52,467,500,-33,-132000,-132000,0,0
42949590.53,469,500,-31,-124000,-124000,0,0
42949590.54,470,500,-30,-120000,-120000,0,0
42949590.55,472,500,-28,-112000,-112000,0,0
42949590.56,476,500,-24,-96000,-96000,0,0
42949590.57,475,500,-25,-100000,-100000,0,0
42949590.58,475,500,-25,-100000,-100000,0,0
42949590.59,475,500,-25,-100000,-100000,0,0
42949590.6,475,500,-25,-100000,-100000,0,0
42949590.61,477,500,-23,-92000,-92000,0,0
42949590.62,476,500,-24,-96000,-96000,0,0
42949590.63,475,500,-25,-100000,-100000,0,0
42949590.64,476,500,-24,-96000,-96000,0,0
42949590.65,476,500,-24,-96000,-96000,0,0
42949590.66,477,500,-23,-92000,-92000,0,0
42949590.67,475,500,-25,-100000,-100000,0,0
42949590.68,475,500,-25,-100000,-100000,0,0
42949590.69,476,500,-24,-96000,-96000,0,0
42949590.7,476,500,-24,-96000,-96000,0,0
42949590.71,475,500,-25,-100000,-100000,0,0
42949590.72,475,500,-25,-100000,-100000,0,0
42949590.73,477,500,-23,-92000,-92000,0,0
42949590.74,476,500,-24,-96000,-96000,0,0
42949590.75,475,500,-25,-100000,-100000,0,0
42949590.76,476,500,-24,-96000,-96000,0,0
42949590.77,476,500,-24,-96000,-96000,0,0
42949590.78,476,500,-24,-96000,-96000,0,0
42949590.79,475,500,-25,-100000,-100000,0,0
42949590.8,475,500,-25,-100000,-100000,0,0
42949590.81,476,500,-24,-96000,-96000,0,0
42949590.82,476,500,-24,-96000,-96000,0,0
42949590.83,475,500,-25,-100000,-100000,0,0
42949590.84,475,500,-25,-100000,-100000,0,0
42949590.85,476,500,-24,-96000,-96000,0,0
42949590.86,476,500,-24,-96000,-96000,0,0
42949590.87,475,500,-25,-100000,-100000,0,0
42949590.88,475,500,-25,-100000,-100000,0,0
42949590.89,476,500,-24,-96000,-96000,0,0
42949590.9,476,500,-24,-96000,-96000,0,0
42949590.91,476,500,-24,-96000,-96000,0,0
42949590.92,475,500,-25,-100000,-100000,0,0
42949590.93,477,500,-23,-92000,-92000,0,0
42949590.94,477,500,-23,-92000,-92000,0,0
42949590.95,475,500,-25,-100000,-100000,0,0
42949590.96,475,500,-25,-100000,-100000,0,0
42949590.97,476,500,-24,-96000,-96000,0,0
42949590.98,476,500,-24,-96000,-96000,0,0
42949590.99,476,500,-24,-96000,-96000,0,0
42949591.0,475,500,-25,-100000,-100000,0,0
42949591.01,476,500,-24,-96000,-96000,0,0
42949591.02,477,500,-23,-92000,-92000,0,0
42949591.03,476,500,-24,-96000,-96000,0,0
42949591.04,475,500,-25,-100000,-100000,0,0
42949591.05,476,500,-24,-96000,-96000,0,0
42949591.06,476,500,-24,-96000,-96000,0,0
42949591.07,476,500,-24,-96000,-96000,0,0
42949591.08,475,500,-25,-100000,-100000,0,0
42949591.09,476,500,-24,-96000,-96000,0,0
42949591.1,476,500,-24,-96000,-96000,0,0
42949591.11,476,500,-24,-96000,-96000,0,0
42949591.12,475,500,-25,-100000,-100000,0,0
42949591.13,476,500,-24,-96000,-96000,0,0
42949591.14,477,500,-23,-92000,-92000,0,0
42949591.15,476,500,-24,-96000,-96000,0,0
42949591.16,475,500,-25,-100000,-100000,0,0
42949591.17,475,500,-25,-100000,-100000,0,0
42949591.18,476,500,-24,-96000,-96000,0,0
42949591.19,476,500,-24,-96000,-96000,0,0
42949591.2,475,500,-25,-100000,-100000,0,0
42949591.21,476,500,-24,-96000,-96000,0,0
42949591.22,476,500,-24,-96000,-96000,0,0
42949591.23,476,500,-24,-96000,-96000,0,0
42949591.24,475,500,-25,-100000,-100000,0,0
42949591.25,476,500,-24,-96000,-96000,0,0
42949591.26,476,500,-24,-96000,-96000,0,0
42949591.27,476,500,-24,-96000,-96000,0,0
42949591.28,475,500,-25,-100000,-100000,0,0
42949591.29,476,500,-24,-96000,-96000,0,0
42949591.3,476,500,-24,-96000,-96000,0,0
42949591.31,476,500,-24,-96000,-96000,0,0
42949591.32,475,500,-25,-100000,-100000,0,0
42949591.33,475,500,-25,-100000,-100000,0,0
42949591.34,476,500,-24,-96000,-96000,0,0
42949591.35,475,500,-25,-100000,-100000,0,0
42949591.36,471,500,-29,-116000,-116000,0,0
42949591.37,468,500,-32,-128000,-128000,0,0
42949591.38,469,500,-31,-124000,-124000,0,0
42949591.39,470,500,-30,-120000,-120000,0,0
42949591.4,471,500,-29,-116000,-116000,0,0
42949591.41,476,500,-24,-96000,-96000,0,0
42949591.42,476,500,-24,-96000,-96000,0,0
42949591.43,475,500,-25,-100000,-100000,0,0
42949591.44,476,500,-24,-96000,-96000,0,0
42949591.45,475,500,-25,-100000,-100000,0,0
42949591.46,476,500,-24,-96000,-96000,0,0
42949591.47,476,500,-24,-96000,-96000,0,0
42949591.48,475,500,-25,-100000,-100000,0,0
42949591.49,476,500,-24,-96000,-96000,0,0
42949591.5,476,500,-24,-96000,-96000,0,0
42949591.51,476,500,-24,-96000,-96000,0,0
42949591.52,475,500,-25,-100000,-100000,0,0
42949591.53,475,500,-25,-100000,-100000,0,0
42949591.54,476,500,-24,-96000,-96000,0,0
42949591.55,476,500,-24,-96000,-96000,0,0
42949591.56,476,500,-24,-96000,-96000,0,0
42949591.57,476,500,-24,-96000,-96000,0,0
42949591.58,476,500,-24,-96000,-96000,0,0
42949591.59,476,500,-24,-96000,-96000,0,0
42949591.6,474,500,-26,-104000,-104000,0,0
42949591.61,474,500,-26,-104000,-104000,0,0
42949591.62,475,500,-25,-100000,-100000,0,0
42949591.63,476,500,-24,-96000,-96000,0,0
42949591.64,472,500,-28,-112000,-112000,0,0
42949591.65,468,500,-32,-128000,-128000,0,0
42949591.66,468,500,-32,-128000,-128000,0,0
42949591.67,470,500,-30,-120000,-120000,0,0
42949591.68,468,500,-32,-128000,-128000,0,0
42949591.69,474,500,-26,-104000,-104000,0,0
42949591.7,477,500,-23,-92000,-92000,0,0
42949591.71,474,500,-26,-104000,-104000,0,0
42949591.72,475,500,-25,-100000,-100000,0,0
42949591.73,475,500,-25,-100000,-100000,0,0
42949591.74,475,500,-25,-100000,-100000,0,0
42949591.75,476,500,-24,-96000,-96000,0,0
42949591.76,474,500,-26,-104000,-104000,0,0
42949591.77,474,500,-26,-104000,-104000,0,0
42949591.78,476,500,-24,-96000,-96000,0,0
42949591.79,476,500,-24,-96000,-96000,0,0
42949591.8,475,500,-25,-100000,-100000,0,0
42949591.81,474,500,-26,-104000,-104000,0,0
42949591.82,475,500,-25,-100000,-100000,0,0
42949591.83,476,500,-24,-96000,-96000,0,0
42949591.84,475,500,-25,-100000,-100000,0,0
42949591.85,475,500,-25,-100000,-100000,0,0
42949591.86,475,500,-25,-100000,-100000,0,0
42949591.87,476,500,-24,-96000,-96000,0,0
42949591.88,475,500,-25,-100000,-100000,0,0
42949591.89,474,500,-26,-104000,-104000,0,0
42949591.9,475,500,-25,-100000,-100000,0,0
42949591.91,476,500,-24,-96000,-96000,0,0
42949591.92,475,500,-25,-100000,-100000,0,0
42949591.93,474,500,-26,-104000,-104000,0,0
42949591.94,475,500,-25,-100000,-100000,0,0
42949591.95,476,500,-24,-96000,-96000,0,0
42949591.96,475,500,-25,-100000,-100000,0,0
42949591.97,475,500,-25,-100000,-100000,0,0
42949591.98,475,500,-25,-100000,-100000,0,0
42949591.99,476,500,-24,-96000,-96000,0,0
42949592.0,475,500,-25,-100000,-100000,0,0
42949592.01,474,500,-26,-104000,-104000,0,0
42949592.02,475,500,-25,-100000,-100000,0,0
42949592.03,476,500,-24,-96000,-96000,0,0
42949592.04,476,500,-24,-96000,-96000,0,0
42949592.05,474,500,-26,-104000,-104000,0,0
42949592.06,475,500,-25,-100000,-100000,0,0
42949592.07,476,500,-24,-96000,-96000,0,0
42949592.08,476,500,-24,-96000,-96000,0,0
42949592.09,474,500,-26,-104000,-104000,0,0
42949592.1,474,500,-26,-104000,-104000,0,0
42949592.11,476,500,-24,-96000,-96000,0,0
42949592.12,476,500,-24,-96000,-96000,0,0
42949592.13,474,500,-26,-104000,-104000,0,0
42949592.14,475,500,-25,-100000,-100000,0,0
42949592.15,476,500,-24,-96000,-96000,0,0
42949592.16,476,500,-24,-96000,-96000,0,0
42949592.17,474,500,-26,-104000,-104000,0,0
42949592.18,474,500,-26,-104000,-104000,0,0
42949592.19,476,500,-24,-96000,-96000,0,0
42949592.2,476,500,-24,-96000,-96000,0,0
42949592.21,475,500,-25,-100000,-100000,0,0
42949592.22,474,500,-26,-104000,-104000,0,0
42949592.23,476,500,-24,-96000,-96000,0,0
42949592.24,476,500,-24,-96000,-96000,0,0
42949592.25,475,500,-25,-100000,-100000,0,0
42949592.26,474,500,-26,-104000,-104000,0,0
42949592.27,475,500,-25,-100000,-100000,0,0
42949592.28,476,500,-24,-96000,-96000,0,0
42949592.29,475,500,-25,-100000,-100000,0,0
42949592.3,475,500,-25,-100000,-100000,0,0
42949592.31,475,500,-25,-100000,-100000,0,0
42949592.32,476,500,-24,-96000,-96000,0,0
42949592.33,474,500,-26,-104000,-104000,0,0
42949592.34,474,500,-26,-104000,-104000,0,0
42949592.35,475,500,-25,-100000,-100000,0,0
42949592.36,476,500,-24,-96000,-96000,0,0
42949592.37,474,500,-26,-104000,-104000,0,0
42949592.38,475,500,-25,-100000,-100000,0,0
42949592.39,475,500,-25,-100000,-100000,0,0
42949592.4,476,500,-24,-96000,-96000,0,0
42949592.41,475,500,-25,-100000,-100000,0,0
42949592.42,475,500,-25,-100000,-100000,0,0
42949592.43,475,500,-25,-100000,-100000,0,0
42949592.44,476,500,-24,-96000,-96000,0,0
42949592.45,475,500,-25,-100000,-100000,0,0
42949592.46,475,500,-25,-100000,-100000,0,0
42949592.47,475,500,-25,-100000,-100000,0,0
42949592.48,476,500,-24,-96000,-96000,0,0
42949592.49,475,500,-25,-100000,-100000,0,0
42949592.5,474,500,-26,-104000,-104000,0,0
42949592.51,476,500,-24,-96000,-96000,0,0
42949592.52,476,500,-24,-96000,-96000,0,0
42949592.53,475,500,-25,-100000,-100000,0,0
42949592.54,474,500,-26,-104000,-104000,0,0
42949592.55,475,500,-25,-100000,-100000,0,0
42949592.56,476,500,-24,-96000,-96000,0,0
42949592.57,475,500,-25,-100000,-100000,0,0
42949592.58,474,500,-26,-104000,-104000,0,0
42949592.59,475,500,-25,-100000,-100000,0,0
42949592.6,477,500,-23,-92000,-92000,0,0
42949592.61,476,500,-24,-96000,-96000,0,0
42949592.62,475,500,-25,-100000,-100000,0,0
42949592.63,476,500,-24,-96000,-96000,0,0
42949592.64,477,500,-23,-92000,-92000,0,0
42949592.65,476,500,-24,-96000,-96000,0,0
42949592.66,475,500,-25,-100000,-100000,0,0
42949592.67,476,500,-24,-96000,-96000,0,0
42949592.68,476,500,-24,-96000,-96000,0,0
42949592.69,476,500,-24,-96000,-96000,0,0
42949592.7,475,500,-25,-100000,-100000,0,0
42949592.71,476,500,-24,-96000,-96000,0,0
42949592.72,476,500,-24,-96000,-96000,0,0
42949592.73,476,500,-24,-96000,-96000,0,0
42949592.74,475,500,-25,-100000,-100000,0,0
42949592.75,475,500,-25,-100000,-100000,0,0
42949592.76,476,500,-24,-96000,-96000,0,0
42949592.77,476,500,-24,-96000,-96000,0,0
42949592.78,476,500,-24,-96000,-96000,0,0
42949592.79,475,500,-25,-100000,-100000,0,0
42949592.8,477,500,-23,-92000,-92000,0,0
42949592.81,476,500,-24,-96000,-96000,0,0
42949592.82,475,500,-25,-100000,-100000,0,0
42949592.83,476,500,-24,-96000,-96000,0,0
42949592.84,477,500,-23,-92000,-92000,0,0
42949592.85,476,500,-24,-96000,-96000,0,0
42949592.86,475,500,-25,-100000,-100000,0,0
42949592.87,476,500,-24,-96000,-96000,0,0
42949592.88,476,500,-24,-96000,-96000,0,0
42949592.89,476,500,-24,-96000,-96000,0,0
42949592.9,475,500,-25,-100000,-100000,0,0
42949592.91,476,500,-24,-96000,-96000,0,0
42949592.92,476,500,-24,-96000,-96000,0,0
42949592.93,476,500,-24,-96000,-96000,0,0
42949592.94,475,500,-25,-100000,-100000,0,0
42949592.95,475,500,-25,-100000,-100000,0,0
42949592.96,476,500,-24,-96000,-96000,0,0
42949592.97,477,500,-23,-92000,-92000,0,0
42949592.98,476,500,-24,-96000,-96000,0,0
42949592.99,475,500,-25,-100000,-100000,0,0
42949593.0,476,500,-24,-96000,-96000,0,0
42949593.01,477,500,-23,-92000,-92000,0,0
42949593.02,475,500,-25,-100000,-100000,0,0
42949593.03,475,500,-25,-100000,-100000,0,0
42949593.04,476,500,-24,-96000,-96000,0,0
42949593.05,476,500,-24,-96000,-96000,0,0
42949593.06,475,500,-25,-100000,-100000,0,0
42949593.07,475,500,-25,-100000,-100000,0,0
42949593.08,476,500,-24,-96000,-96000,0,0
42949593.09,477,500,-23,-92000,-92000,0,0
42949593.1,476,500,-24,-96000,-96000,0,0
42949593.11,475,500,-25,-100000,-100000,0,0
42949593.12,476,500,-24,-96000,-96000,0,0
42949593.13,477,500,-23,-92000,-92000,0,0
42949593.14,476,500,-24,-96000,-96000,0,0
42949593.15,475,500,-25,-100000,-100000,0,0
42949593.16,476,500,-24,-96000,-96000,0,0
42949593.17,476,500,-24,-96000,-96000,0,0
42949593.18,476,500,-24,-96000,-96000,0,0
42949593.19,476,500,-24,-96000,-96000,0,0
42949593.2,476,500,-24,-96000,-96000,0,0
42949593.21,477,500,-23,-92000,-92000,0,0
42949593.22,476,500,-24,-96000,-96000,0,0
42949593.23,475,500,-25,-100000,-100000,0,0
42949593.24,476,500,-24,-96000,-96000,0,0
42949593.25,476,500,-24,-96000,-96000,0,0
42949593.26,476,500,-24,-96000,-96000,0,0
42949593.27,475,500,-25,-100000,-100000,0,0
42949593.28,476,500,-24,-96000,-96000,0,0
42949593.29,477,500,-23,-92000,-92000,0,0
42949593.3,476,500,-24,-96000,-96000,0,0
42949593.31,475,500,-25,-100000,-100000,0,0
42949593.32,476,500,-24,-96000,-96000,0,0
42949593.33,477,500,-23,-92000,-92000,0,0
42949593.34,476,500,-24,-96000,-96000,0,0
42949593.35,475,500,-25,-100000,-100000,0,0
42949593.36,476,500,-24,-96000,-96000,0,0
42949593.37,476,500,-24,-96000,-96000,0,0
42949593.38,476,500,-24,-96000,-96000,0,0
42949593.39,475,500,-25,-100000,-100000,0,0
42949593.4,475,500,-25,-100000,-100000,0,0
42949593.41,477,500,-23,-92000,-92000,0,0
42949593.42,476,500,-24,-96000,-96000,0,0
42949593.43,475,500,-25,-100000,-100000,0,0
42949593.44,476,500,-24,-96000,-96000,0,0
42949593.45,476,500,-24,-96000,-96000,0,0
42949593.46,476,500,-24,-96000,-96000,0,0
42949593.47,476,500,-24,-96000,-96000,0,0
42949593.48,476,500,-24,-96000,-96000,0,0
42949593.49,476,500,-24,-96000,-96000,0,0
42949593.5,476,500,-24,-96000,-96000,0,0
42949593.51,475,500,-25,-100000,-100000,0,0
42949593.52,476,500,-24,-96000,-96000,0,0
42949593.53,476,500,-24,-96000,-96000,0,0
42949593.54,476,500,-24,-96000,-96000,0,0
42949593.55,475,500,-25,-100000,-100000,0,0
42949593.56,476,500,-24,-96000,-96000,0,0
42949593.57,476,500,-24,-96000,-96000,0,0
42949593.58,476,500,-24,-96000,-96000,0,0
42949593.59,475,500,-25,-100000,-100000,0,0
42949593.6,475,500,-25,-100000,-100000,0,0
42949593.61,476,500,-24,-96000,-96000,0,0
42949593.62,475,500,-25,-100000,-100000,0,0
42949593.63,474,500,-26,-104000,-104000,0,0
42949593.64,474,500,-26,-104000,-104000,0,0
42949593.65,476,500,-24,-96000,-96000,0,0
42949593.66,476,500,-24,-96000,-96000,0,0
42949593.67,474,500,-26,-104000,-104000,0,0
42949593.68,475,500,-25,-100000,-100000,0,0
42949593.69,476,500,-24,-96000,-96000,0,0
42949593.7,476,500,-24,-96000,-96000,0,0
42949593.71,474,500,-26,-104000,-104000,0,0
42949593.72,474,500,-26,-104000,-104000,0,0
42949593.73,476,500,-24,-96000,-96000,0,0
42949593.74,476,500,-24,-96000,-96000,0,0
42949593.75,475,500,-25,-100000,-100000,0,0
42949593.76,474,500,-26,-104000,-104000,0,0
42949593.77,476,500,-24,-96000,-96000,0,0
42949593.78,476,500,-24,-96000,-96000,0,0
42949593.79,475,500,-25,-100000,-100000,0,0
42949593.8,476,500,-24,-96000,-96000,0,0
42949593.81,476,500,-24,-96000,-96000,0,0
42949593.82,476,500,-24,-96000,-96000,0,0
42949593.83,475,500,-25,-100000,-100000,0,0
42949593.84,474,500,-26,-104000,-104000,0,0
42949593.85,475,500,-25,-100000,-100000,0,0
42949593.86,476,500,-24,-96000,-96000,0,0
42949593.87,475,500,-25,-100000,-100000,0,0
42949593.88,474,500,-26,-104000,-104000,0,0
42949593.89,475,500,-25,-100000,-100000,0,0
42949593.9,476,500,-24,-96000,-96000,0,0
42949593.91,475,500,-25,-100000,-100000,0,0
42949593.92,474,500,-26,-104000,-104000,0,0
42949593.93,475,500,-25,-100000,-100000,0,0
42949593.94,476,500,-24,-96000,-96000,0,0
42949593.95,475,500,-25,-100000,-100000,0,0
42949593.96,475,500,-25,-100000,-100000,0,0
42949593.97,474,500,-26,-104000,-104000,0,0
42949593.98,476,500,-24,-96000,-96000,0,0
42949593.99,475,500,-25,-100000,-100000,0,0
42949594.0,474,500,-26,-104000,-104000,0,0
42949594.01,475,500,-25,-100000,-100000,0,0
42949594.02,476,500,-24,-96000,-96000,0,0
42949594.03,475,500,-25,-100000,-100000,0,0
42949594.04,474,500,-26,-104000,-104000,0,0
42949594.05,475,500,-25,-100000,-100000,0,0
42949594.06,476,500,-24,-96000,-96000,0,0
42949594.07,475,500,-25,-100000,-100000,0,0
42949594.08,474,500,-26,-104000,-104000,0,0
42949594.09,474,500,-26,-104000,-104000,0,0
42949594.1,476,500,-24,-96000,-96000,0,0
42949594.11,475,500,-25,-100000,-100000,0,0
42949594.12,475,500,-25,-100000,-100000,0,0
42949594.13,475,500,-25,-100000,-100000,0,0
42949594.14,476,500,-24,-96000,-96000,0,0
42949594.15,475,500,-25,-100000,-100000,0,0
42949594.16,474,500,-26,-104000,-104000,0,0
42949594.17,475,500,-25,-100000,-100000,0,0
42949594.18,476,500,-24,-96000,-96000,0,0
42949594.19,476,500,-24,-96000,-96000,0,0
42949594.2,474,500,-26,-104000,-104000,0,0
42949594.21,475,500,-25,-100000,-100000,0,0
42949594.22,476,500,-24,-96000,-96000,0,0
42949594.23,475,500,-25,-100000,-100000,0,0
42949594.24,471,500,-29,-116000,-116000,0,0
42949594.25,467,500,-33,-132000,-132000,0,0
42949594.26,469,500,-31,-124000,-124000,0,0
42949594.27,470,500,-30,-120000,-120000,0,0
42949594.28,471,500,-29,-116000,-116000,0,0
42949594.29,476,500,-24,-96000,-96000,0,0
42949594.3,476,500,-24,-96000,-96000,0,0
42949594.31,475,500,-25,-100000,-100000,0,0
42949594.32,475,500,-25,-100000,-100000,0,0
42949594.33,474,500,-26,-104000,-104000,0,0
42949594.34,476,500,-24,-96000,-96000,0,0
42949594.35,476,500,-24,-96000,-96000,0,0
42949594.36,471,500,-29,-116000,-116000,0,0
42949594.37,468,500,-32,-128000,-128000,0,0
42949594.38,468,500,-32,-128000,-128000,0,0
42949594.39,470,500,-30,-120000,-120000,0,0
42949594.4,471,500,-29,-116000,-116000,0,0
42949594.41,476,500,-24,-96000,-96000,0,0
42949594.42,477,500,-23,-92000,-92000,0,0
42949594.43,475,500,-25,-100000,-100000,0,0
42949594.44,475,500,-25,-100000,-100000,0,0
42949594.45,475,500,-25,-100000,-100000,0,0
42949594.46,475,500,-25,-100000,-100000,0,0
42949594.47,476,500,-24,-96000,-96000,0,0
42949594.48,474,500,-26,-104000,-104000,0,0
42949594.49,475,500,-25,-100000,-100000,0,0
42949594.5,475,500,-25,-100000,-100000,0,0
42949594.51,476,500,-24,-96000,-96000,0,0
42949594.52,475,500,-25,-100000,-100000,0,0
42949594.53,474,500,-26,-104000,-104000,0,0
42949594.54,476,500,-24,-96000,-96000,0,0
42949594.55,475,500,-25,-100000,-100000,0,0
42949594.56,475,500,-25,-100000,-100000,0,0
42949594.57,474,500,-26,-104000,-104000,0,0
42949594.58,475,500,-25,-100000,-100000,0,0
42949594.59,476,500,-24,-96000,-96000,0,0
42949594.6,474,500,-26,-104000,-104000,0,0
42949594.61,475,500,-25,-100000,-100000,0,0
42949594.62,476,500,-24,-96000,-96000,0,0
42949594.63,477,500,-23,-92000,-92000,0,0
42949594.64,476,500,-24,-96000,-96000,0,0
42949594.65,475,500,-25,-100000,-100000,0,0
42949594.66,476,500,-24,-96000,-96000,0,0
42949594.67,476,500,-24,-96000,-96000,0,0
42949594.68,476,500,-24,-96000,-96000,0,0
42949594.69,475,500,-25,-100000,-100000,0,0
42949594.7,476,500,-24,-96000,-96000,0,0
42949594.71,477,500,-23,-92000,-92000,0,0
42949594.72,475,500,-25,-100000,-100000,0,0
42949594.73,475,500,-25,-100000,-100000,0,0
42949594.74,476,500,-24,-96000,-96000,0,0
42949594.75,476,500,-24,-96000,-96000,0,0
42949594.76,476,500,-24,-96000,-96000,0,0
42949594.77,475,500,-25,-100000,-100000,0,0
42949594.78,476,500,-24,-96000,-96000,0,0
42949594.79,477,500,-23,-92000,-92000,0,0
42949594.8,476,500,-24,-96000,-96000,0,0
42949594.81,475,500,-25,-100000,-100000,0,0
42949594.82,476,500,-24,-96000,-96000,0,0
42949594.83,476,500,-24,-96000,-96000,0,0
42949594.84,476,500,-24,-96000,-96000,0,0
42949594.85,475,500,-25,-100000,-100000,0,0
42949594.86,476,500,-24,-96000,-96000,0,0
42949594.87,477,500,-23,-92000,-92000,0,0
42949594.88,476,500,-24,-96000,-96000,0,0
42949594.89,475,500,-25,-100000,-100000,0,0
42949594.9,475,500,-25,-100000,-100000,0,0
42949594.91,476,500,-24,-96000,-96000,0,0
42949594.92,476,500,-24,-96000,-96000,0,0
42949594.93,471,500,-29,-116000,-116000,0,0
42949594.94,468,500,-32,-128000,-128000,0,0
42949594.95,470,500,-30,-120000,-120000,0,0
42949594.96,471,500,-29,-116000,-116000,0,0
42949594.97,471,500,-29,-116000,-116000,0,0
42949594.98,476,500,-24,-96000,-96000,0,0
42949594.99,477,500,-23,-92000,-92000,0,0
42949595.0,476,500,-24,-96000,-96000,0,0
42949595.01,476,500,-24,-96000,-96000,0,0
42949595.02,475,500,-25,-100000,-100000,0,0
42949595.03,476,500,-24,-96000,-96000,0,0
42949595.04,477,500,-23,-92000,-92000,0,0
42949595.05,475,500,-25,-100000,-100000,0,0
42949595.06,476,500,-24,-96000,-96000,0,0
42949595.07,476,500,-24,-96000,-96000,0,0
42949595.08,477,500,-23,-92000,-92000,0,0
42949595.09,475,500,-25,-100000,-100000,0,0
42949595.1,475,500,-25,-100000,-100000,0,0
42949595.11,476,500,-24,-96000,-96000,0,0
42949595.12,476,500,-24,-96000,-96000,0,0
42949595.13,476,500,-24,-96000,-96000,0,0
42949595.14,475,500,-25,-100000,-100000,0,0
42949595.15,476,500,-24,-96000,-96000,0,0
42949595.16,476,500,-24,-96000,-96000,0,0
42949595.17,473,500,-27,-108000,-108000,0,0
42949595.18,469,500,-31,-124000,-124000,0,0
42949595.19,469,500,-31,-124000,-124000,0,0
42949595.2,471,500,-29,-116000,-116000,0,0
42949595.21,471,500,-29,-116000,-116000,0,0
42949595.22,474,500,-26,-104000,-104000,0,0
42949595.23,477,500,-23,-92000,-92000,0,0
42949595.24,476,500,-24,-96000,-96000,0,0
42949595.25,476,500,-24,-96000,-96000,0,0
42949595.26,475,500,-25,-100000,-100000,0,0
42949595.27,475,500,-25,-100000,-100000,0,0
42949595.28,477,500,-23,-92000,-92000,0,0
42949595.29,476,500,-24,-96000,-96000,0,0
42949595.3,475,500,-25,-100000,-100000,0,0
42949595.31,476,500,-24,-96000,-96000,0,0
42949595.32,476,500,-24,-96000,-96000,0,0
42949595.33,476,500,-24,-96000,-96000,0,0
42949595.34,475,500,-25,-100000,-100000,0,0
42949595.35,476,500,-24,-96000,-96000,0,0
42949595.36,477,500,-23,-92000,-92000,0,0
42949595.37,476,500,-24,-96000,-96000,0,0
42949595.38,475,500,-25,-100000,-100000,0,0
42949595.39,476,500,-24,-96000,-96000,0,0
42949595.4,477,500,-23,-92000,-92000,0,0
42949595.41,476,500,-24,-96000,-96000,0,0
42949595.42,475,500,-25,-100000,-100000,0,0
42949595.43,476,500,-24,-96000,-96000,0,0
42949595.44,476,500,-24,-96000,-96000,0,0
42949595.45,474,500,-26,-104000,-104000,0,0
42949595.46,475,500,-25,-100000,-100000,0,0
42949595.47,476,500,-24,-96000,-96000,0,0
42949595.48,476,500,-24,-96000,-96000,0,0
42949595.49,476,500,-24,-96000,-96000,0,0
42949595.5,475,500,-25,-100000,-100000,0,0
42949595.51,476,500,-24,-96000,-96000,0,0
42949595.52,476,500,-24,-96000,-96000,0,0
42949595.53,476,500,-24,-96000,-96000,0,0
42949595.54,475,500,-25,-100000,-100000,0,0
42949595.55,476,500,-24,-96000,-96000,0,0
42949595.56,475,500,-25,-100000,-100000,0,0
42949595.57,476,500,-24,-96000,-96000,0,0
42949595.58,475,500,-25,-100000,-100000,0,0
42949595.59,475,500,-25,-100000,-100000,0,0
42949595.6,477,500,-23,-92000,-92000,0,0
42949595.61,475,500,-25,-100000,-100000,0,0
42949595.62,474,500,-26,-104000,-104000,0,0
42949595.63,475,500,-25,-100000,-100000,0,0
42949595.64,476,500,-24,-96000,-96000,0,0
42949595.65,475,500,-25,-100000,-100000,0,0
42949595.66,474,500,-26,-104000,-104000,0,0
42949595.67,475,500,-25,-100000,-100000,0,0
42949595.68,476,500,-24,-96000,-96000,0,0
42949595.69,476,500,-24,-96000,-96000,0,0
42949595.7,475,500,-25,-100000,-100000,0,0
42949595.71,473,500,-27,-108000,-108000,0,0
42949595.72,476,500,-24,-96000,-96000,0,0
42949595.73,475,500,-25,-100000,-100000,0,0
42949595.74,472,500,-28,-112000,-112000,0,0
42949595.75,467,500,-33,-132000,-132000,0,0
42949595.76,468,500,-32,-128000,-128000,0,0
42949595.77,470,500,-30,-120000,-120000,0,0
42949595.78,470,500,-30,-120000,-120000,0,0
42949595.79,474,500,-26,-104000,-104000,0,0
42949595.8,476,500,-24,-96000,-96000,0,0
42949595.81,475,500,-25,-100000,-100000,0,0
42949595.82,473,500,-27,-108000,-108000,0,0
42949595.83,468,500,-32,-128000,-128000,0,0
42949595.84,468,500,-32,-128000,-128000,0,0
42949595.85,470,500,-30,-120000,-120000,0,0
42949595.86,469,500,-31,-124000,-124000,0,0
42949595.87,474,500,-26,-104000,-104000,0,0
42949595.88,477,500,-23,-92000,-92000,0,0
42949595.89,475,500,-25,-100000,-100000,0,0
42949595.9,476,500,-24,-96000,-96000,0,0
42949595.91,474,500,-26,-104000,-104000,0,0
42949595.92,475,500,-25,-100000,-100000,0,0
42949595.93,476,500,-24,-96000,-96000,0,0
42949595.94,473,500,-27,-108000,-108000,0,0
42949595.95,469,500,-31,-124000,-124000,0,0
42949595.96,468,500,-32,-128000,-128000,0,0
42949595.97,470,500,-30,-120000,-120000,0,0
42949595.98,470,500,-30,-120000,-120000,0,0
42949595.99,473,500,-27,-108000,-108000,0,0
42949596.0,477,500,-23,-92000,-92000,0,0
42949596.01,475,500,-25,-100000,-100000,0,0
42949596.02,474,500,-26,-104000,-104000,0,0
42949596.03,469,500,-31,-124000,-124000,0,0
42949596.04,466,500,-34,-136000,-136000,0,0
42949596.05,470,500,-30,-120000,-120000,0,0
42949596.06,470,500,-30,-120000,-120000,0,0
42949596.07,472,500,-28,-112000,-112000,0,0
42949596.08,477,500,-23,-92000,-92000,0,0
42949596.09,475,500,-25,-100000,-100000,0,0
42949596.1,475,500,-25,-100000,-100000,0,0
42949596.11,475,500,-25,-100000,-100000,0,0
42949596.12,474,500,-26,-104000,-104000,0,0
42949596.13,476,500,-24,-96000,-96000,0,0
42949596.14,475,500,-25,-100000,-100000,0,0
42949596.15,474,500,-26,-104000,-104000,0,0
42949596.16,475,500,-25,-100000,-100000,0,0
42949596.17,476,500,-24,-96000,-96000,0,0
42949596.18,476,500,-24,-96000,-96000,0,0
42949596.19,474,500,-26,-104000,-104000,0,0
42949596.2,475,500,-25,-100000,-100000,0,0
42949596.21,476,500,-24,-96000,-96000,0,0
42949596.22,476,500,-24,-96000,-96000,0,0
42949596.23,474,500,-26,-104000,-104000,0,0
42949596.24,475,500,-25,-100000,-100000,0,0
42949596.25,476,500,-24,-96000,-96000,0,0
42949596.26,476,500,-24,-96000,-96000,0,0
42949596.27,474,500,-26,-104000,-104000,0,0
42949596.28,475,500,-25,-100000,-100000,0,0
42949596.29,476,500,-24,-96000,-96000,0,0
42949596.3,476,500,-24,-96000,-96000,0,0
42949596.31,474,500,-26,-104000,-104000,0,0
42949596.32,475,500,-25,-100000,-100000,0,0
42949596.33,476,500,-24,-96000,-96000,0,0
42949596.34,476,500,-24,-96000,-96000,0,0
42949596.35,475,500,-25,-100000,-100000,0,0
42949596.36,475,500,-25,-100000,-100000,0,0
42949596.37,476,500,-24,-96000,-96000,0,0
42949596.38,476,500,-24,-96000,-96000,0,0
42949596.39,475,500,-25,-100000,-100000,0,0
42949596.4,475,500,-25,-100000,-100000,0,0
42949596.41,476,500,-24,-96000,-96000,0,0
42949596.42,476,500,-24,-96000,-96000,0,0
42949596.43,475,500,-25,-100000,-100000,0,0
42949596.44,475,500,-25,-100000,-100000,0,0
42949596.45,476,500,-24,-96000,-96000,0,0
42949596.46,476,500,-24,-96000,-96000,0,0
42949596.47,475,500,-25,-100000,-100000,0,0
42949596.48,475,500,-25,-100000,-100000,0,0
42949596.49,476,500,-24,-96000,-96000,0,0
42949596.5,476,500,-24,-96000,-96000,0,0
42949596.51,477,500,-23,-92000,-92000,0,0
42949596.52,481,500,-19,-76000,-76000,0,0
42949596.53,483,500,-17,-68000,-68000,0,0
42949596.54,481,500,-19,-76000,-76000,0,0
42949596.55,482,500,-18,-72000,-72000,0,0
42949596.56,481,500,-19,-76000,-76000,0,0
42949596.57,481,500,-19,-76000,-76000,0,0
42949596.58,483,500,-17,-68000,-68000,0,0
42949596.59,483,500,-17,-68000,-68000,0,0
42949596.6,488,500,-12,-48000,-48000,0,0
42949596.61,490,500,-10,-40000,-40000,0,0
42949596.62,489,500,-11,-44000,-44000,0,0
42949596.63,487,500,-13,-52000,-52000,0,0
42949596.64,483,500,-17,-68000,-68000,0,0
42949596.65,481,500,-19,-76000,-76000,0,0
42949596.66,484,500,-16,-64000,-64000,0,0
42949596.67,482,500,-18,-72000,-72000,0,0
42949596.68,481,500,-19,-76000,-76000,0,0
42949596.69,483,500,-17,-68000,-68000,0,0
42949596.7,482,500,-18,-72000,-72000,0,0
42949596.71,483,500,-17,-68000,-68000,0,0
42949596.72,481,500,-19,-76000,-76000,0,0
42949596.73,483,500,-17,-68000,-68000,0,0
42949596.74,483,500,-17,-68000,-68000,0,0
42949596.75,483,500,-17,-68000,-68000,0,0
42949596.76,487,500,-13,-52000,-52000,0,0
42949596.77,490,500,-10,-40000,-40000,0,0
42949596.78,489,500,-11,-44000,-44000,0,0
42949596.79,489,500,-11,-44000,-44000,0,0
42949596.8,489,500,-11,-44000,-44000,0,0
42949596.81,489,500,-11,-44000,-44000,0,0
42949596.82,490,500,-10,-40000,-40000,0,0
42949596.83,489,500,-11,-44000,-44000,0,0
42949596.84,488,500,-12,-48000,-48000,0,0
42949596.85,489,500,-11,-44000,-44000,0,0
42949596.86,490,500,-10,-40000,-40000,0,0
42949596.87,488,500,-12,-48000,-48000,0,0
42949596.88,483,500,-17,-68000,-68000,0,0
42949596.89,481,500,-19,-76000,-76000,0,0
42949596.9,483,500,-17,-68000,-68000,0,0
42949596.91,484,500,-16,-64000,-64000,0,0
42949596.92,486,500,-14,-56000,-56000,0,0
42949596.93,490,500,-10,-40000,-40000,0,0
42949596.94,490,500,-10,-40000,-40000,0,0
42949596.95,488,500,-12,-48000,-48000,0,0
42949596.96,485,500,-15,-60000,-60000,0,0
42949596.97,480,500,-20,-80000,-80000,0,0
42949596.98,483,500,-17,-68000,-68000,0,0
42949596.99,484,500,-16,-64000,-64000,0,0
42949597.0,484,500,-16,-64000,-64000,0,0
42949597.01,490,500,-10,-40000,-40000,0,0
42949597.02,489,500,-11,-44000,-44000,0,0
42949597.03,489,500,-11,-44000,-44000,0,0
42949597.04,489,500,-11,-44000,-44000,0,0
42949597.05,488,500,-12,-48000,-48000,0,0
42949597.06,490,500,-10,-40000,-40000,0,0
42949597.07,489,500,-11,-44000,-44000,0,0
42949597.08,485,500,-15,-60000,-60000,0,0
42949597.09,481,500,-19,-76000,-76000,0,0
42949597.1,482,500,-18,-72000,-72000,0,0
42949597.11,484,500,-16,-64000,-64000,0,0
42949597.12,484,500,-16,-64000,-64000,0,0
42949597.13,489,500,-11,-44000,-44000,0,0
42949597.14,490,500,-10,-40000,-40000,0,0
42949597.15,489,500,-11,-44000,-44000,0,0
42949597.16,489,500,-11,-44000,-44000,0,0
42949597.17,488,500,-12,-48000,-48000,0,0
42949597.18,489,500,-11,-44000,-44000,0,0
42949597.19,490,500,-10,-40000,-40000,0,0
42949597.2,488,500,-12,-48000,-48000,0,0
42949597.21,489,500,-11,-44000,-44000,0,0
42949597.22,489,500,-11,-44000,-44000,0,0
42949597.23,490,500,-10,-40000,-40000,0,0
42949597.24,489,500,-11,-44000,-44000,0,0
42949597.25,488,500,-12,-48000,-48000,0,0
42949597.26,490,500,-10,-40000,-40000,0,0
42949597.27,489,500,-11,-44000,-44000,0,0
42949597.28,487,500,-13,-52000,-52000,0,0
42949597.29,482,500,-18,-72000,-72000,0,0
42949597.3,481,500,-19,-76000,-76000,0,0
42949597.31,484,500,-16,-64000,-64000,0,0
42949597.32,484,500,-16,-64000,-64000,0,0
42949597.33,488,500,-12,-48000,-48000,0,0
42949597.34,491,500,-9,-36000,-36000,0,0
42949597.35,489,500,-11,-44000,-44000,0,0
42949597.36,489,500,-11,-44000,-44000,0,0
42949597.37,489,500,-11,-44000,-44000,0,0
42949597.38,489,500,-11,-44000,-44000,0,0
42949597.39,490,500,-10,-40000,-40000,0,0
42949597.4,487,500,-13,-52000,-52000,0,0
42949597.41,483,500,-17,-68000,-68000,0,0
42949597.42,481,500,-19,-76000,-76000,0,0
42949597.43,483,500,-17,-68000,-68000,0,0
42949597.44,483,500,-17,-68000,-68000,0,0
42949597.45,481,500,-19,-76000,-76000,0,0
42949597.46,483,500,-17,-68000,-68000,0,0
42949597.47,483,500,-17,-68000,-68000,0,0
42949597.48,482,500,-18,-72000,-72000,0,0
42949597.49,482,500,-18,-72000,-72000,0,0
42949597.5,483,500,-17,-68000,-68000,0,0
42949597.51,483,500,-17,-68000,-68000,0,0
42949597.52,483,500,-17,-68000,-68000,0,0
42949597.53,486,500,-14,-56000,-56000,0,0
42949597.54,490,500,-10,-40000,-40000,0,0
42949597.55,490,500,-10,-40000,-40000,0,0
42949597.56,489,500,-11,-44000,-44000,0,0
42949597.57,489,500,-11,-44000,-44000,0,0
42949597.58,489,500,-11,-44000,-44000,0,0
42949597.59,490,500,-10,-40000,-40000,0,0
42949597.6,489,500,-11,-44000,-44000,0,0
42949597.61,487,500,-13,-52000,-52000,0,0
42949597.62,488,500,-12,-48000,-48000,0,0
42949597.63,489,500,-11,-44000,-44000,0,0
42949597.64,488,500,-12,-48000,-48000,0,0
42949597.65,488,500,-12,-48000,-48000,0,0
42949597.66,488,500,-12,-48000,-48000,0,0
42949597.67,489,500,-11,-44000,-44000,0,0
42949597.68,488,500,-12,-48000,-48000,0,0
42949597.69,488,500,-12,-48000,-48000,0,0
42949597.7,488,500,-12,-48000,-48000,0,0
42949597.71,489,500,-11,-44000,-44000,0,0
42949597.72,489,500,-11,-44000,-44000,0,0
42949597.73,487,500,-13,-52000,-52000,0,0
42949597.74,487,500,-13,-52000,-52000,0,0
42949597.75,489,500,-11,-44000,-44000,0,0
42949597.76,489,500,-11,-44000,-44000,0,0
42949597.77,488,500,-12,-48000,-48000,0,0
42949597.78,488,500,-12,-48000,-48000,0,0
42949597.79,489,500,-11,-44000,-44000,0,0
42949597.8,489,500,-11,-44000,-44000,0,0
42949597.81,488,500,-12,-48000,-48000,0,0
42949597.82,488,500,-12,-48000,-48000,0,0
42949597.83,489,500,-11,-44000,-44000,0,0
42949597.84,489,500,-11,-44000,-44000,0,0
42949597.85,488,500,-12,-48000,-48000,0,0
42949597.86,488,500,-12,-48000,-48000,0,0
42949597.87,489,500,-11,-44000,-44000,0,0
42949597.88,489,500,-11,-44000,-44000,0,0
42949597.89,488,500,-12,-48000,-48000,0,0
42949597.9,488,500,-12,-48000,-48000,0,0
42949597.91,489,500,-11,-44000,-44000,0,0
42949597.92,489,500,-11,-44000,-44000,0,0
42949597.93,488,500,-12,-48000,-48000,0,0
42949597.94,488,500,-12,-48000,-48000,0,0
42949597.95,489,500,-11,-44000,-44000,0,0
42949597.96,489,500,-11,-44000,-44000,0,0
42949597.97,488,500,-12,-48000,-48000,0,0
42949597.98,488,500,-12,-48000,-48000,0,0
42949597.99,489,500,-11,-44000,-44000,0,0
42949598.0,489,500,-11,-44000,-44000,0,0
42949598.01,488,500,-12,-48000,-48000,0,0
42949598.02,487,500,-13,-52000,-52000,0,0
42949598.03,489,500,-11,-44000,-44000,0,0
42949598.04,489,500,-11,-44000,-44000,0,0
42949598.05,486,500,-14,-56000,-56000,0,0
42949598.06,482,500,-18,-72000,-72000,0,0
42949598.07,481,500,-19,-76000,-76000,0,0
42949598.08,483,500,-17,-68000,-68000,0,0
42949598.09,483,500,-17,-68000,-68000,0,0
42949598.1,486,500,-14,-56000,-56000,0,0
42949598.11,490,500,-10,-40000,-40000,0,0
42949598.12,488,500,-12,-48000,-48000,0,0
42949598.13,489,500,-11,-44000,-44000,0,0
42949598.14,488,500,-12,-48000,-48000,0,0
42949598.15,488,500,-12,-48000,-48000,0,0
42949598.16,489,500,-11,-44000,-44000,0,0
42949598.17,487,500,-13,-52000,-52000,0,0
42949598.18,482,500,-18,-72000,-72000,0,0
42949598.19,480,500,-20,-80000,-80000,0,0
42949598.2,482,500,-18,-72000,-72000,0,0
42949598.21,484,500,-16,-64000,-64000,0,0
42949598.22,485,500,-15,-60000,-60000,0,0
42949598.23,490,500,-10,-40000,-40000,0,0
42949598.24,489,500,-11,-44000,-44000,0,0
42949598.25,488,500,-12,-48000,-48000,0,0
42949598.26,488,500,-12,-48000,-48000,0,0
42949598.27,487,500,-13,-52000,-52000,0,0
42949598.28,489,500,-11,-44000,-44000,0,0
42949598.29,489,500,-11,-44000,-44000,0,0
42949598.3,487,500,-13,-52000,-52000,0,0
42949598.31,489,500,-11,-44000,-44000,0,0
42949598.32,489,500,-11,-44000,-44000,0,0
42949598.33,489,500,-11,-44000,-44000,0,0
42949598.34,488,500,-12,-48000,-48000,0,0
42949598.35,488,500,-12,-48000,-48000,0,0
42949598.36,489,500,-11,-44000,-44000,0,0
42949598.37,488,500,-12,-48000,-48000,0,0
42949598.38,487,500,-13,-52000,-52000,0,0
42949598.39,488,500,-12,-48000,-48000,0,0
42949598.4,489,500,-11,-44000,-44000,0,0
42949598.41,489,500,-11,-44000,-44000,0,0
42949598.42,488,500,-12,-48000,-48000,0,0
42949598.43,488,500,-12,-48000,-48000,0,0
42949598.44,489,500,-11,-44000,-44000,0,0
42949598.45,489,500,-11,-44000,-44000,0,0
42949598.46,488,500,-12,-48000,-48000,0,0
42949598.47,488,500,-12,-48000,-48000,0,0
42949598.48,489,500,-11,-44000,-44000,0,0
42949598.49,489,500,-11,-44000,-44000,0,0
42949598.5,487,500,-13,-52000,-52000,0,0
42949598.51,488,500,-12,-48000,-48000,0,0
42949598.52,489,500,-11,-44000,-44000,0,0
42949598.53,489,500,-11,-44000,-44000,0,0
42949598.54,488,500,-12,-48000,-48000,0,0
42949598.55,488,500,-12,-48000,-48000,0,0
42949598.56,489,500,-11,-44000,-44000,0,0
42949598.57,489,500,-11,-44000,-44000,0,0
42949598.58,488,500,-12,-48000,-48000,0,0
42949598.59,487,500,-13,-52000,-52000,0,0
42949598.6,489,500,-11,-44000,-44000,0,0
42949598.61,489,500,-11,-44000,-44000,0,0
42949598.62,489,500,-11,-44000,-44000,0,0
42949598.63,488,500,-12,-48000,-48000,0,0
42949598.64,489,500,-11,-44000,-44000,0,0
42949598.65,489,500,-11,-44000,-44000,0,0
42949598.66,489,500,-11,-44000,-44000,0,0
42949598.67,488,500,-12,-48000,-48000,0,0
42949598.68,489,500,-11,-44000,-44000,0,0
42949598.69,489,500,-11,-44000,-44000,0,0
42949598.7,489,500,-11,-44000,-44000,0,0
42949598.71,488,500,-12,-48000,-48000,0,0
42949598.72,489,500,-11,-44000,-44000,0,0
42949598.73,489,500,-11,-44000,-44000,0,0
42949598.74,489,500,-11,-44000,-44000,0,0
42949598.75,488,500,-12,-48000,-48000,0,0
42949598.76,489,500,-11,-44000,-44000,0,0
42949598.77,490,500,-10,-40000,-40000,0,0
42949598.78,489,500,-11,-44000,-44000,0,0
42949598.79,488,500,-12,-48000,-48000,0,0
42949598.8,489,500,-11,-44000,-44000,0,0
42949598.81,490,500,-10,-40000,-40000,0,0
42949598.82,489,500,-11,-44000,-44000,0,0
42949598.83,489,500,-11,-44000,-44000,0,0
42949598.84,489,500,-11,-44000,-44000,0,0
42949598.85,489,500,-11,-44000,-44000,0,0
42949598.86,489,500,-11,-44000,-44000,0,0
42949598.87,488,500,-12,-48000,-48000,0,0
42949598.88,489,500,-11,-44000,-44000,0,0
42949598.89,490,500,-10,-40000,-40000,0,0
42949598.9,489,500,-11,-44000,-44000,0,0
42949598.91,488,500,-12,-48000,-48000,0,0
42949598.92,489,500,-11,-44000,-44000,0,0
42949598.93,489,500,-11,-44000,-44000,0,0
42949598.94,489,500,-11,-44000,-44000,0,0
42949598.95,488,500,-12,-48000,-48000,0,0
42949598.96,489,500,-11,-44000,-44000,0,0
42949598.97,490,500,-10,-40000,-40000,0,0
42949598.98,489,500,-11,-44000,-44000,0,0
42949598.99,489,500,-11,-44000,-44000,0,0
42949599.0,488,500,-12,-48000,-48000,0,0
42949599.01,489,500,-11,-44000,-44000,0,0
42949599.02,489,500,-11,-44000,-44000,0,0
42949599.03,488,500,-12,-48000,-48000,0,0
42949599.04,489,500,-11,-44000,-44000,0,0
42949599.05,489,500,-11,-44000,-44000,0,0
42949599.06,489,500,-11,-44000,-44000,0,0
42949599.07,489,500,-11,-44000,-44000,0,0
42949599.08,490,500,-10,-40000,-40000,0,0
42949599.09,489,500,-11,-44000,-44000,0,0
42949599.1,489,500,-11,-44000,-44000,0,0
42949599.11,488,500,-12,-48000,-48000,0,0
42949599.12,488,500,-12,-48000,-48000,0,0
42949599.13,490,500,-10,-40000,-40000,0,0
42949599.14,489,500,-11,-44000,-44000,0,0
42949599.15,488,500,-12,-48000,-48000,0,0
42949599.16,488,500,-12,-48000,-48000,0,0
42949599.17,489,500,-11,-44000,-44000,0,0
42949599.18,489,500,-11,-44000,-44000,0,0
42949599.19,488,500,-12,-48000,-48000,0,0
42949599.2,489,500,-11,-44000,-44000,0,0
42949599.21,489,500,-11,-44000,-44000,0,0
42949599.22,489,500,-11,-44000,-44000,0,0
42949599.23,488,500,-12,-48000,-48000,0,0
42949599.24,489,500,-11,-44000,-44000,0,0
42949599.25,489,500,-11,-44000,-44000,0,0
42949599.26,489,500,-11,-44000,-44000,0,0
42949599.27,488,500,-12,-48000,-48000,0,0
42949599.28,488,500,-12,-48000,-48000,0,0
42949599.29,489,500,-11,-44000,-44000,0,0
42949599.3,489,500,-11,-44000,-44000,0,0
42949599.31,489,500,-11,-44000,-44000,0,0
42949599.32,488,500,-12,-48000,-48000,0,0
42949599.33,489,500,-11,-44000,-44000,0,0
42949599.34,490,500,-10,-40000,-40000,0,0
42949599.35,489,500,-11,-44000,-44000,0,0
42949599.36,488,500,-12,-48000,-48000,0,0
42949599.37,489,500,-11,-44000,-44000,0,0
42949599.38,490,500,-10,-40000,-40000,0,0
42949599.39,489,500,-11,-44000,-44000,0,0
42949599.4,488,500,-12,-48000,-48000,0,0
42949599.41,489,500,-11,-44000,-44000,0,0
42949599.42,489,500,-11,-44000,-44000,0,0
42949599.43,489,500,-11,-44000,-44000,0,0
42949599.44,488,500,-12,-48000,-48000,0,0
42949599.45,489,500,-11,-44000,-44000,0,0
42949599.46,489,500,-11,-44000,-44000,0,0
42949599.47,489,500,-11,-44000,-44000,0,0
42949599.48,488,500,-12,-48000,-48000,0,0
42949599.49,489,500,-11,-44000,-44000,0,0
42949599.5,489,500,-11,-44000,-44000,0,0
42949599.51,487,500,-13,-52000,-52000,0,0
42949599.52,488,500,-12,-48000,-48000,0,0
42949599.53,489,500,-11,-44000,-44000,0,0
42949599.54,490,500,-10,-40000,-40000,0,0
42949599.55,489,500,-11,-44000,-44000,0,0
42949599.56,488,500,-12,-48000,-48000,0,0
42949599.57,489,500,-11,-44000,-44000,0,0
42949599.58,490,500,-10,-40000,-40000,0,0
42949599.59,489,500,-11,-44000,-44000,0,0
42949599.6,488,500,-12,-48000,-48000,0,0
42949599.61,488,500,-12,-48000,-48000,0,0
42949599.62,489,500,-11,-44000,-44000,0,0
42949599.63,488,500,-12,-48000,-48000,0,0
42949599.64,488,500,-12,-48000,-48000,0,0
42949599.65,488,500,-12,-48000,-48000,0,0
42949599.66,489,500,-11,-44000,-44000,0,0
42949599.67,488,500,-12,-48000,-48000,0,0
42949599.68,488,500,-12,-48000,-48000,0,0
42949599.69,488,500,-12,-48000,-48000,0,0
42949599.7,489,500,-11,-44000,-44000,0,0
42949599.71,488,500,-12,-48000,-48000,0,0
42949599.72,487,500,-13,-52000,-52000,0,0
42949599.73,488,500,-12,-48000,-48000,0,0
42949599.74,489,500,-11,-44000,-44000,0,0
42949599.75,488,500,-12,-48000,-48000,0,0
42949599.76,483,500,-17,-68000,-68000,0,0
42949599.77,480,500,-20,-80000,-80000,0,0
42949599.78,482,500,-18,-72000,-72000,0,0
42949599.79,483,500,-17,-68000,-68000,0,0
42949599.8,481,500,-19,-76000,-76000,0,0
42949599.81,481,500,-19,-76000,-76000,0,0
42949599.82,482,500,-18,-72000,-72000,0,0
42949599.83,483,500,-17,-68000,-68000,0,0
42949599.84,485,500,-15,-60000,-60000,0,0
42949599.85,488,500,-12,-48000,-48000,0,0
42949599.86,490,500,-10,-40000,-40000,0,0
42949599.87,488,500,-12,-48000,-48000,0,0
42949599.88,488,500,-12,-48000,-48000,0,0
42949599.89,488,500,-12,-48000,-48000,0,0
42949599.9,489,500,-11,-44000,-44000,0,0
42949599.91,489,500,-11,-44000,-44000,0,0
42949599.92,487,500,-13,-52000,-52000,0,0
42949599.93,488,500,-12,-48000,-48000,0,0
42949599.94,489,500,-11,-44000,-44000,0,0
42949599.95,489,500,-11,-44000,-44000,0,0
42949599.96,488,500,-12,-48000,-48000,0,0
42949599.97,487,500,-13,-52000,-52000,0,0
42949599.98,489,500,-11,-44000,-44000,0,0
42949599.99,489,500,-11,-44000,-44000,0,0
42949600.0,486,500,-14,-56000,-56000,0,0
42949600.01,481,500,-19,-76000,-76000,0,0
42949600.02,481,500,-19,-76000,-76000,0,0
42949600.03,483,500,-17,-68000,-68000,0,0
42949600.04,483,500,-17,-68000,-68000,0,0
42949600.05,487,500,-13,-52000,-52000,0,0
42949600.06,490,500,-10,-40000,-40000,0,0
42949600.07,488,500,-12,-48000,-48000,0,0
42949600.08,489,500,-11,-44000,-44000,0,0
42949600.09,488,500,-12,-48000,-48000,0,0
42949600.1,488,500,-12,-48000,-48000,0,0
42949600.11,490,500,-10,-40000,-40000,0,0
42949600.12,488,500,-12,-48000,-48000,0,0
42949600.13,488,500,-12,-48000,-48000,0,0
42949600.14,489,500,-11,-44000,-44000,0,0
42949600.15,489,500,-11,-44000,-44000,0,0
42949600.16,488,500,-12,-48000,-48000,0,0
42949600.17,487,500,-13,-52000,-52000,0,0
42949600.18,488,500,-12,-48000,-48000,0,0
42949600.19,489,500,-11,-44000,-44000,0,0
42949600.2,488,500,-12,-48000,-48000,0,0
42949600.21,488,500,-12,-48000,-48000,0,0
42949600.22,488,500,-12,-48000,-48000,0,0
42949600.23,489,500,-11,-44000,-44000,0,0
42949600.24,488,500,-12,-48000,-48000,0,0
42949600.25,488,500,-12,-48000,-48000,0,0
42949600.26,489,500,-11,-44000,-44000,0,0
42949600.27,489,500,-11,-44000,-44000,0,0
42949600.28,488,500,-12,-48000,-48000,0,0
42949600.29,488,500,-12,-48000,-48000,0,0
42949600.3,489,500,-11,-44000,-44000,0,0
42949600.31,489,500,-11,-44000,-44000,0,0
42949600.32,488,500,-12,-48000,-48000,0,0
42949600.33,487,500,-13,-52000,-52000,0,0
42949600.34,488,500,-12,-48000,-48000,0,0
42949600.35,489,500,-11,-44000,-44000,0,0
42949600.36,488,500,-12,-48000,-48000,0,0
42949600.37,488,500,-12,-48000,-48000,0,0
42949600.38,488,500,-12,-48000,-48000,0,0
42949600.39,489,500,-11,-44000,-44000,0,0
42949600.4,489,500,-11,-44000,-44000,0,0
42949600.41,488,500,-12,-48000,-48000,0,0
42949600.42,489,500,-11,-44000,-44000,0,0
42949600.43,489,500,-11,-44000,-44000,0,0
42949600.44,489,500,-11,-44000,-44000,0,0
42949600.45,488,500,-12,-48000,-48000,0,0
42949600.46,488,500,-12,-48000,-48000,0,0
42949600.47,489,500,-11,-44000,-44000,0,0
42949600.48,489,500,-11,-44000,-44000,0,0
42949600.49,488,500,-12,-48000,-48000,0,0
42949600.5,488,500,-12,-48000,-48000,0,0
42949600.51,489,500,-11,-44000,-44000,0,0
42949600.52,489,500,-11,-44000,-44000,0,0
42949600.53,488,500,-12,-48000,-48000,0,0
42949600.54,488,500,-12,-48000,-48000,0,0
42949600.55,489,500,-11,-44000,-44000,0,0
42949600.56,489,500,-11,-44000,-44000,0,0
42949600.57,488,500,-12,-48000,-48000,0,0
42949600.58,488,500,-12,-48000,-48000,0,0
42949600.59,489,500,-11,-44000,-44000,0,0
42949600.6,489,500,-11,-44000,-44000,0,0
42949600.61,489,500,-11,-44000,-44000,0,0
42949600.62,488,500,-12,-48000,-48000,0,0
42949600.63,490,500,-10,-40000,-40000,0,0
42949600.64,490,500,-10,-40000,-40000,0,0
42949600.65,486,500,-14,-56000,-56000,0,0
42949600.66,489,500,-11,-44000,-44000,0,0
42949600.67,489,500,-11,-44000,-44000,0,0
42949600.68,489,500,-11,-44000,-44000,0,0
42949600.69,489,500,-11,-44000,-44000,0,0
42949600.7,488,500,-12,-48000,-48000,0,0
42949600.71,489,500,-11,-44000,-44000,0,0
42949600.72,487,500,-13,-52000,-52000,0,0
42949600.73,489,500,-11,-44000,-44000,0,0
42949600.74,489,500,-11,-44000,-44000,0,0
42949600.75,489,500,-11,-44000,-44000,0,0
42949600.76,489,500,-11,-44000,-44000,0,0
42949600.77,486,500,-14,-56000,-56000,0,0
42949600.78,482,500,-18,-72000,-72000,0,0
42949600.79,482,500,-18,-72000,-72000,0,0
42949600.8,484,500,-16,-64000,-64000,0,0
42949600.81,484,500,-16,-64000,-64000,0,0
42949600.82,487,500,-13,-52000,-52000,0,0
42949600.83,491,500,-9,-36000,-36000,0,0
42949600.84,489,500,-11,-44000,-44000,0,0
42949600.85,489,500,-11,-44000,-44000,0,0
42949600.86,489,500,-11,-44000,-44000,0,0
42949600.87,489,500,-11,-44000,-44000,0,0
42949600.88,490,500,-10,-40000,-40000,0,0
42949600.89,489,500,-11,-44000,-44000,0,0
42949600.9,488,500,-12,-48000,-48000,0,0
42949600.91,489,500,-11,-44000,-44000,0,0
42949600.92,490,500,-10,-40000,-40000,0,0
42949600.93,489,500,-11,-44000,-44000,0,0
42949600.94,488,500,-12,-48000,-48000,0,0
42949600.95,489,500,-11,-44000,-44000,0,0
42949600.96,489,500,-11,-44000,-44000,0,0
42949600.97,488,500,-12,-48000,-48000,0,0
42949600.98,484,500,-16,-64000,-64000,0,0
42949600.99,481,500,-19,-76000,-76000,0,0
42949601.0,483,500,-17,-68000,-68000,0,0
42949601.01,483,500,-17,-68000,-68000,0,0
42949601.02,481,500,-19,-76000,-76000,0,0
42949601.03,483,500,-17,-68000,-68000,0,0
42949601.04,483,500,-17,-68000,-68000,0,0
42949601.05,484,500,-16,-64000,-64000,0,0
42949601.06,486,500,-14,-56000,-56000,0,0
42949601.07,490,500,-10,-40000,-40000,0,0
42949601.08,490,500,-10,-40000,-40000,0,0
42949601.09,489,500,-11,-44000,-44000,0,0
42949601.1,489,500,-11,-44000,-44000,0,0
42949601.11,488,500,-12,-48000,-48000,0,0
42949601.12,490,500,-10,-40000,-40000,0,0
42949601.13,489,500,-11,-44000,-44000,0,0
42949601.14,488,500,-12,-48000,-48000,0,0
42949601.15,489,500,-11,-44000,-44000,0,0
42949601.16,490,500,-10,-40000,-40000,0,0
42949601.17,489,500,-11,-44000,-44000,0,0
42949601.18,488,500,-12,-48000,-48000,0,0
42949601.19,488,500,-12,-48000,-48000,0,0
42949601.2,490,500,-10,-40000,-40000,0,0
42949601.21,489,500,-11,-44000,-44000,0,0
42949601.22,488,500,-12,-48000,-48000,0,0
42949601.23,489,500,-11,-44000,-44000,0,0
42949601.24,489,500,-11,-44000,-44000,0,0
42949601.25,489,500,-11,-44000,-44000,0,0
42949601.26,488,500,-12,-48000,-48000,0,0
42949601.27,489,500,-11,-44000,-44000,0,0
42949601.28,489,500,-11,-44000,-44000,0,0
42949601.29,490,500,-10,-40000,-40000,0,0
42949601.3,488,500,-12,-48000,-48000,0,0
42949601.31,488,500,-12,-48000,-48000,0,0
42949601.32,489,500,-11,-44000,-44000,0,0
42949601.33,490,500,-10,-40000,-40000,0,0
42949601.34,489,500,-11,-44000,-44000,0,0
42949601.35,488,500,-12,-48000,-48000,0,0
42949601.36,489,500,-11,-44000,-44000,0,0
42949601.37,490,500,-10,-40000,-40000,0,0
42949601.38,488,500,-12,-48000,-48000,0,0
42949601.39,488,500,-12,-48000,-48000,0,0
42949601.4,489,500,-11,-44000,-44000,0,0
42949601.41,490,500,-10,-40000,-40000,0,0
42949601.42,489,500,-11,-44000,-44000,0,0
42949601.43,489,500,-11,-44000,-44000,0,0
42949601.44,489,500,-11,-44000,-44000,0,0
42949601.45,490,500,-10,-40000,-40000,0,0
42949601.46,489,500,-11,-44000,-44000,0,0
42949601.47,488,500,-12,-48000,-48000,0,0
42949601.48,490,500,-10,-40000,-40000,0,0
42949601.49,490,500,-10,-40000,-40000,0,0
42949601.5,489,500,-11,-44000,-44000,0,0
42949601.51,490,500,-10,-40000,-40000,0,0
42949601.52,489,500,-11,-44000,-44000,0,0
42949601.53,490,500,-10,-40000,-40000,0,0
42949601.54,489,500,-11,-44000,-44000,0,0
42949601.55,488,500,-12,-48000,-48000,0,0
42949601.56,489,500,-11,-44000,-44000,0,0
42949601.57,490,500,-10,-40000,-40000,0,0
42949601.58,489,500,-11,-44000,-44000,0,0
42949601.59,490,500,-10,-40000,-40000,0,0
42949601.6,489,500,-11,-44000,-44000,0,0
42949601.61,489,500,-11,-44000,-44000,0,0
42949601.62,488,500,-12,-48000,-48000,0,0
42949601.63,488,500,-12,-48000,-48000,0,0
42949601.64,488,500,-12,-48000,-48000,0,0
42949601.65,489,500,-11,-44000,-44000,0,0
42949601.66,488,500,-12,-48000,-48000,0,0
42949601.67,487,500,-13,-52000,-52000,0,0
42949601.68,488,500,-12,-48000,-48000,0,0
42949601.69,489,500,-11,-44000,-44000,0,0
42949601.7,489,500,-11,-44000,-44000,0,0
42949601.71,488,500,-12,-48000,-48000,0,0
42949601.72,489,500,-11,-44000,-44000,0,0
42949601.73,489,500,-11,-44000,-44000,0,0
42949601.74,488,500,-12,-48000,-48000,0,0
42949601.75,487,500,-13,-52000,-52000,0,0
42949601.76,488,500,-12,-48000,-48000,0,0
42949601.77,489,500,-11,-44000,-44000,0,0
42949601.78,489,500,-11,-44000,-44000,0,0
42949601.79,488,500,-12,-48000,-48000,0,0
42949601.8,488,500,-12,-48000,-48000,0,0
42949601.81,489,500,-11,-44000,-44000,0,0
42949601.82,489,500,-11,-44000,-44000,0,0
42949601.83,488,500,-12,-48000,-48000,0,0
42949601.84,488,500,-12,-48000,-48000,0,0
42949601.85,489,500,-11,-44000,-44000,0,0
42949601.86,489,500,-11,-44000,-44000,0,0
42949601.87,488,500,-12,-48000,-48000,0,0
42949601.88,489,500,-11,-44000,-44000,0,0
42949601.89,489,500,-11,-44000,-44000,0,0
42949601.9,489,500,-11,-44000,-44000,0,0
42949601.91,488,500,-12,-48000,-48000,0,0
42949601.92,488,500,-12,-48000,-48000,0,0
42949601.93,489,500,-11,-44000,-44000,0,0
42949601.94,489,500,-11,-44000,-44000,0,0
42949601.95,490,500,-10,-40000,-40000,0,0
42949601.96,488,500,-12,-48000,-48000,0,0
42949601.97,489,500,-11,-44000,-44000,0,0
42949601.98,489,500,-11,-44000,-44000,0,0
42949601.99,488,500,-12,-48000,-48000,0,0
42949602.0,488,500,-12,-48000,-48000,0,0
42949602.01,489,500,-11,-44000,-44000,0,0
42949602.02,489,500,-11,-44000,-44000,0,0
42949602.03,488,500,-12,-48000,-48000,0,0
42949602.04,487,500,-13,-52000,-52000,0,0
42949602.05,489,500,-11,-44000,-44000,0,0
42949602.06,489,500,-11,-44000,-44000,0,0
42949602.07,491,500,-9,-36000,-36000,0,0
42949602.08,495,500,-5,-20000,-20000,0,0
42949602.09,496,500,-4,-16000,-16000,0,0
42949602.1,495,500,-5,-20000,-20000,0,0
42949602.11,492,500,-8,-32000,-32000,0,0
42949602.12,488,500,-12,-48000,-48000,0,0
42949602.13,487,500,-13,-52000,-52000,0,0
42949602.14,490,500,-10,-40000,-40000,0,0
42949602.15,488,500,-12,-48000,-48000,0,0
42949602.16,487,500,-13,-52000,-52000,0,0
42949602.17,489,500,-11,-44000,-44000,0,0
42949602.18,489,500,-11,-44000,-44000,0,0
42949602.19,489,500,-11,-44000,-44000,0,0
42949602.2,487,500,-13,-52000,-52000,0,0
42949602.21,489,500,-11,-44000,-44000,0,0
42949602.22,489,500,-11,-44000,-44000,0,0
42949602.23,488,500,-12,-48000,-48000,0,0
42949602.24,488,500,-12,-48000,-48000,0,0
42949602.25,491,500,-9,-36000,-36000,0,0
42949602.26,489,500,-11,-44000,-44000,0,0
42949602.27,491,500,-9,-36000,-36000,0,0
42949602.28,493,500,-7,-28000,-28000,0,0
42949602.29,496,500,-4,-16000,-16000,0,0
42949602.3,495,500,-5,-20000,-20000,0,0
42949602.31,495,500,-5,-20000,-20000,0,0
42949602.32,494,500,-6,-24000,-24000,0,0
42949602.33,495,500,-5,-20000,-20000,0,0
42949602.34,496,500,-4,-16000,-16000,0,0
42949602.35,493,500,-7,-28000,-28000,0,0
42949602.36,489,500,-11,-44000,-44000,0,0
42949602.37,487,500,-13,-52000,-52000,0,0
42949602.38,489,500,-11,-44000,-44000,0,0
42949602.39,489,500,-11,-44000,-44000,0,0
42949602.4,487,500,-13,-52000,-52000,0,0
42949602.41,489,500,-11,-44000,-44000,0,0
42949602.42,489,500,-11,-44000,-44000,0,0
42949602.43,489,500,-11,-44000,-44000,0,0
42949602.44,488,500,-12,-48000,-48000,0,0
42949602.45,488,500,-12,-48000,-48000,0,0
42949602.46,490,500,-10,-40000,-40000,0,0
42949602.47,488,500,-12,-48000,-48000,0,0
42949602.48,488,500,-12,-48000,-48000,0,0
42949602.49,488,500,-12,-48000,-48000,0,0
42949602.5,489,500,-11,-44000,-44000,0,0
42949602.51,489,500,-11,-44000,-44000,0,0
42949602.52,488,500,-12,-48000,-48000,0,0
42949602.53,488,500,-12,-48000,-48000,0,0
42949602.54,489,500,-11,-44000,-44000,0,0
42949602.55,489,500,-11,-44000,-44000,0,0
42949602.56,488,500,-12,-48000,-48000,0,0
42949602.57,488,500,-12,-48000,-48000,0,0
42949602.58,489,500,-11,-44000,-44000,0,0
42949602.59,489,500,-11,-44000,-44000,0,0
42949602.6,491,500,-9,-36000,-36000,0,0
42949602.61,498,500,-2,-8000,-8000,0,0
42949602.62,496,500,-4,-16000,-16000,0,0
42949602.63,495,500,-5,-20000,-20000,0,0
42949602.64,492,500,-8,-32000,-32000,0,0
42949602.65,488,500,-12,-48000,-48000,0,0
42949602.66,489,500,-11,-44000,-44000,0,0
42949602.67,490,500,-10,-40000,-40000,0,0
42949602.68,488,500,-12,-48000,-48000,0,0
42949602.69,489,500,-11,-44000,-44000,0,0
42949602.7,490,500,-10,-40000,-40000,0,0
42949602.71,489,500,-11,-44000,-44000,0,0
42949602.72,489,500,-11,-44000,-44000,0,0
42949602.73,488,500,-12,-48000,-48000,0,0
42949602.74,490,500,-10,-40000,-40000,0,0
42949602.75,491,500,-9,-36000,-36000,0,0
42949602.76,488,500,-12,-48000,-48000,0,0
42949602.77,489,500,-11,-44000,-44000,0,0
42949602.78,489,500,-11,-44000,-44000,0,0
42949602.79,489,500,-11,-44000,-44000,0,0
42949602.8,491,500,-9,-36000,-36000,0,0
42949602.81,495,500,-5,-20000,-20000,0,0
42949602.82,497,500,-3,-12000,-12000,0,0
42949602.83,495,500,-5,-20000,-20000,0,0
42949602.84,494,500,-6,-24000,-24000,0,0
42949602.85,488,500,-12,-48000,-48000,0,0
42949602.86,489,500,-11,-44000,-44000,0,0
42949602.87,490,500,-10,-40000,-40000,0,0
42949602.88,488,500,-12,-48000,-48000,0,0
42949602.89,488,500,-12,-48000,-48000,0,0
42949602.9,490,500,-10,-40000,-40000,0,0
42949602.91,490,500,-10,-40000,-40000,0,0
42949602.92,491,500,-9,-36000,-36000,0,0
42949602.93,494,500,-6,-24000,-24000,0,0
42949602.94,497,500,-3,-12000,-12000,0,0
42949602.95,495,500,-5,-20000,-20000,0,0
42949602.96,494,500,-6,-24000,-24000,0,0
42949602.97,490,500,-10,-40000,-40000,0,0
42949602.98,487,500,-13,-52000,-52000,0,0
42949602.99,491,500,-9,-36000,-36000,0,0
42949603.0,488,500,-12,-48000,-48000,0,0
42949603.01,488,500,-12,-48000,-48000,0,0
42949603.02,490,500,-10,-40000,-40000,0,0
