0.0,402,400,2,8000,8000,0,0
0.01,404,400,4,16000,16000,0,0
0.02,403,400,3,12000,12000,0,0
0.03,403,400,3,12000,12000,0,0
0.04,403,400,3,12000,12000,0,0
0.05,404,400,4,16000,16000,0,0
0.06,403,400,3,12000,12000,0,0
0.07,402,400,2,8000,8000,0,0
0.08,403,400,3,12000,12000,0,0
0.09,404,400,4,16000,16000,0,0
0.1,402,400,2,8000,8000,0,0
0.11,402,400,2,8000,8000,0,0
0.12,403,400,3,12000,12000,0,0
0.13,404,400,4,16000,16000,0,0
0.14,403,400,3,12000,12000,0,0
0.15,402,400,2,8000,8000,0,0
0.16,403,400,3,12000,12000,0,0
0.17,404,400,4,16000,16000,0,0
0.18,403,400,3,12000,12000,0,0
0.19,402,400,2,8000,8000,0,0
0.2,403,400,3,12000,12000,0,0
0.21,403,400,3,12000,12000,0,0
0.22,403,400,3,12000,12000,0,0
0.23,402,400,2,8000,8000,0,0
0.24,403,400,3,12000,12000,0,0
0.25,404,400,4,16000,16000,0,0
0.26,401,400,1,4000,4000,0,0
0.27,398,400,-2,-8000,-8000,0,0
0.28,397,400,-3,-12000,-12000,0,0
0.29,399,400,-1,-4000,-4000,0,0
0.3,399,400,-1,-4000,-4000,0,0
0.31,400,400,0,0,0,0,0
0.32,404,400,4,16000,16000,0,0
0.33,403,400,3,12000,12000,0,0
0.34,402,400,2,8000,8000,0,0
0.35,399,400,-1,-4000,-4000,0,0
0.36,397,400,-3,-12000,-12000,0,0
0.37,399,400,-1,-4000,-4000,0,0
0.38,398,400,-2,-8000,-8000,0,0
0.39,397,400,-3,-12000,-12000,0,0
0.4,398,400,-2,-8000,-8000,0,0
0.41,398,400,-2,-8000,-8000,0,0
0.42,398,400,-2,-8000,-8000,0,0
0.43,397,400,-3,-12000,-12000,0,0
0.44,397,400,-3,-12000,-12000,0,0
0.45,399,400,-1,-4000,-4000,0,0
0.46,398,400,-2,-8000,-8000,0,0
0.47,397,400,-3,-12000,-12000,0,0
0.48,398,400,-2,-8000,-8000,0,0
0.49,398,400,-2,-8000,-8000,0,0
0.5,398,400,-2,-8000,-8000,0,0
0.51,397,400,-3,-12000,-12000,0,0
0.52,398,400,-2,-8000,-8000,0,0
0.53,398,400,-2,-8000,-8000,0,0
0.54,398,400,-2,-8000,-8000,0,0
0.55,397,400,-3,-12000,-12000,0,0
0.56,398,400,-2,-8000,-8000,0,0
0.57,398,400,-2,-8000,-8000,0,0
0.58,398,400,-2,-8000,-8000,0,0
0.59,399,400,-1,-4000,-4000,0,0
0.6,403,400,3,12000,12000,0,0
0.61,404,400,4,16000,16000,0,0
0.62,403,400,3,12000,12000,0,0
0.63,400,400,0,0,0,0,0
0.64,397,400,-3,-12000,-12000,0,0
0.65,398,400,-2,-8000,-8000,0,0
0.66,399,400,-1,-4000,-4000,0,0
0.67,399,400,-1,-4000,-4000,0,0
0.68,403,400,3,12000,12000,0,0
0.69,404,400,4,16000,16000,0,0
0.7,403,400,3,12000,12000,0,0
0.71,401,400,1,4000,4000,0,0
0.72,397,400,-3,-12000,-12000,0,0
0.73,398,400,-2,-8000,-8000,0,0
0.74,399,400,-1,-4000,-4000,0,0
0.75,399,400,-1,-4000,-4000,0,0
0.76,403,400,3,12000,12000,0,0
0.77,404,400,4,16000,16000,0,0
0.78,403,400,3,12000,12000,0,0
0.79,401,400,1,4000,4000,0,0
0.8,398,400,-2,-8000,-8000,0,0
0.81,397,400,-3,-12000,-12000,0,0
0.82,399,400,-1,-4000,-4000,0,0
0.83,397,400,-3,-12000,-12000,0,0
0.84,397,400,-3,-12000,-12000,0,0
0.85,398,400,-2,-8000,-8000,0,0
0.86,398,400,-2,-8000,-8000,0,0
0.87,398,400,-2,-8000,-8000,0,0
0.88,397,400,-3,-12000,-12000,0,0
0.89,398,400,-2,-8000,-8000,0,0
0.9,398,400,-2,-8000,-8000,0,0
0.91,398,400,-2,-8000,-8000,0,0
0.92,397,400,-3,-12000,-12000,0,0
0.93,398,400,-2,-8000,-8000,0,0
0.94,398,400,-2,-8000,-8000,0,0
0.95,398,400,-2,-8000,-8000,0,0
0.96,397,400,-3,-12000,-12000,0,0
0.97,398,400,-2,-8000,-8000,0,0
0.98,398,400,-2,-8000,-8000,0,0
0.99,398,400,-2,-8000,-8000,0,0
1.0,397,400,-3,-12000,-12000,0,0
1.01,398,400,-2,-8000,-8000,0,0
1.02,398,400,-2,-8000,-8000,0,0
1.03,398,400,-2,-8000,-8000,0,0
1.04,397,400,-3,-12000,-12000,0,0
1.05,398,400,-2,-8000,-8000,0,0
1.06,398,400,-2,-8000,-8000,0,0
1.07,398,400,-2,-8000,-8000,0,0
1.08,397,400,-3,-12000,-12000,0,0
1.09,398,400,-2,-8000,-8000,0,0
1.1,398,400,-2,-8000,-8000,0,0
1.11,398,400,-2,-8000,-8000,0,0
1.12,397,400,-3,-12000,-12000,0,0
1.13,398,400,-2,-8000,-8000,0,0
1.14,398,400,-2,-8000,-8000,0,0
1.15,398,400,-2,-8000,-8000,0,0
1.16,400,400,0,0,0,0,0
1.17,403,400,3,12000,12000,0,0
1.18,404,400,4,16000,16000,0,0
1.19,403,400,3,12000,12000,0,0
1.2,403,400,3,12000,12000,0,0
1.21,403,400,3,12000,12000,0,0
1.22,404,400,4,16000,16000,0,0
1.23,404,400,4,16000,16000,0,0
1.24,402,400,2,8000,8000,0,0
1.25,403,400,3,12000,12000,0,0
1.26,404,400,4,16000,16000,0,0
1.27,404,400,4,16000,16000,0,0
1.28,403,400,3,12000,12000,0,0
1.29,403,400,3,12000,12000,0,0
1.3,404,400,4,16000,16000,0,0
1.31,403,400,3,12000,12000,0,0
1.32,399,400,-1,-4000,-4000,0,0
1.33,397,400,-3,-12000,-12000,0,0
1.34,398,400,-2,-8000,-8000,0,0
1.35,399,400,-1,-4000,-4000,0,0
1.36,399,400,-1,-4000,-4000,0,0
1.37,403,400,3,12000,12000,0,0
1.38,404,400,4,16000,16000,0,0
1.39,402,400,2,8000,8000,0,0
1.4,401,400,1,4000,4000,0,0
1.41,397,400,-3,-12000,-12000,0,0
1.42,398,400,-2,-8000,-8000,0,0
1.43,399,400,-1,-4000,-4000,0,0
1.44,397,400,-3,-12000,-12000,0,0
1.45,397,400,-3,-12000,-12000,0,0
1.46,398,400,-2,-8000,-8000,0,0
1.47,398,400,-2,-8000,-8000,0,0
1.48,398,400,-2,-8000,-8000,0,0
1.49,398,400,-2,-8000,-8000,0,0
1.5,398,400,-2,-8000,-8000,0,0
1.51,398,400,-2,-8000,-8000,0,0
1.52,398,400,-2,-8000,-8000,0,0
1.53,397,400,-3,-12000,-12000,0,0
1.54,398,400,-2,-8000,-8000,0,0
1.55,398,400,-2,-8000,-8000,0,0
1.56,397,400,-3,-12000,-12000,0,0
1.57,397,400,-3,-12000,-12000,0,0
1.58,398,400,-2,-8000,-8000,0,0
1.59,398,400,-2,-8000,-8000,0,0
1.6,398,400,-2,-8000,-8000,0,0
1.61,397,400,-3,-12000,-12000,0,0
1.62,398,400,-2,-8000,-8000,0,0
1.63,398,400,-2,-8000,-8000,0,0
1.64,398,400,-2,-8000,-8000,0,0
1.65,397,400,-3,-12000,-12000,0,0
1.66,398,400,-2,-8000,-8000,0,0
1.67,398,400,-2,-8000,-8000,0,0
1.68,398,400,-2,-8000,-8000,0,0
1.69,397,400,-3,-12000,-12000,0,0
1.7,398,400,-2,-8000,-8000,0,0
1.71,398,400,-2,-8000,-8000,0,0
1.72,398,400,-2,-8000,-8000,0,0
1.73,397,400,-3,-12000,-12000,0,0
1.74,398,400,-2,-8000,-8000,0,0
1.75,398,400,-2,-8000,-8000,0,0
1.76,398,400,-2,-8000,-8000,0,0
1.77,398,400,-2,-8000,-8000,0,0
1.78,398,400,-2,-8000,-8000,0,0
1.79,398,400,-2,-8000,-8000,0,0
1.8,398,400,-2,-8000,-8000,0,0
1.81,397,400,-3,-12000,-12000,0,0
1.82,398,400,-2,-8000,-8000,0,0
1.83,398,400,-2,-8000,-8000,0,0
1.84,398,400,-2,-8000,-8000,0,0
1.85,400,400,0,0,0,0,0
1.86,404,400,4,16000,16000,0,0
1.87,404,400,4,16000,16000,0,0
1.88,402,400,2,8000,8000,0,0
1.89,399,400,-1,-4000,-4000,0,0
1.9,397,400,-3,-12000,-12000,0,0
1.91,398,400,-2,-8000,-8000,0,0
1.92,399,400,-1,-4000,-4000,0,0
1.93,397,400,-3,-12000,-12000,0,0
1.94,398,400,-2,-8000,-8000,0,0
1.95,398,400,-2,-8000,-8000,0,0
1.96,398,400,-2,-8000,-8000,0,0
1.97,398,400,-2,-8000,-8000,0,0
1.98,397,400,-3,-12000,-12000,0,0
1.99,398,400,-2,-8000,-8000,0,0
2.0,398,400,-2,-8000,-8000,0,0
2.01,397,400,-3,-12000,-12000,0,0
2.02,398,400,-2,-8000,-8000,0,0
2.03,398,400,-2,-8000,-8000,0,0
2.04,398,400,-2,-8000,-8000,0,0
2.05,397,400,-3,-12000,-12000,0,0
2.06,398,400,-2,-8000,-8000,0,0
2.07,398,400,-2,-8000,-8000,0,0
2.08,398,400,-2,-8000,-8000,0,0
2.09,398,400,-2,-8000,-8000,0,0
2.1,397,400,-3,-12000,-12000,0,0
2.11,398,400,-2,-8000,-8000,0,0
2.12,398,400,-2,-8000,-8000,0,0
2.13,398,400,-2,-8000,-8000,0,0
2.14,398,400,-2,-8000,-8000,0,0
2.15,398,400,-2,-8000,-8000,0,0
2.16,398,400,-2,-8000,-8000,0,0
2.17,397,400,-3,-12000,-12000,0,0
2.18,397,400,-3,-12000,-12000,0,0
2.19,398,400,-2,-8000,-8000,0,0
2.2,398,400,-2,-8000,-8000,0,0
2.21,398,400,-2,-8000,-8000,0,0
2.22,397,400,-3,-12000,-12000,0,0
2.23,398,400,-2,-8000,-8000,0,0
2.24,398,400,-2,-8000,-8000,0,0
2.25,399,400,-1,-4000,-4000,0,0
2.26,402,400,2,8000,8000,0,0
2.27,404,400,4,16000,16000,0,0
2.28,403,400,3,12000,12000,0,0
2.29,401,400,1,4000,4000,0,0
2.3,398,400,-2,-8000,-8000,0,0
2.31,397,400,-3,-12000,-12000,0,0
2.32,399,400,-1,-4000,-4000,0,0
2.33,399,400,-1,-4000,-4000,0,0
2.34,400,400,0,0,0,0,0
2.35,405,400,5,20000,20000,0,0
2.36,403,400,3,12000,12000,0,0
2.37,401,400,1,4000,4000,0,0
2.38,399,400,-1,-4000,-4000,0,0
2.39,397,400,-3,-12000,-12000,0,0
2.4,399,400,-1,-4000,-4000,0,0
2.41,399,400,-1,-4000,-4000,0,0
2.42,400,400,0,0,0,0,0
2.43,405,400,5,20000,20000,0,0
2.44,403,400,3,12000,12000,0,0
2.45,402,400,2,8000,8000,0,0
2.46,399,400,-1,-4000,-4000,0,0
2.47,397,400,-3,-12000,-12000,0,0
2.48,399,400,-1,-4000,-4000,0,0
2.49,399,400,-1,-4000,-4000,0,0
2.5,400,400,0,0,0,0,0
2.51,404,400,4,16000,16000,0,0
2.52,403,400,3,12000,12000,0,0
2.53,402,400,2,8000,8000,0,0
2.54,399,400,-1,-4000,-4000,0,0
2.55,397,400,-3,-12000,-12000,0,0
2.56,399,400,-1,-4000,-4000,0,0
2.57,399,400,-1,-4000,-4000,0,0
2.58,399,400,-1,-4000,-4000,0,0
2.59,404,400,4,16000,16000,0,0
2.6,404,400,4,16000,16000,0,0
2.61,402,400,2,8000,8000,0,0
2.62,400,400,0,0,0,0,0
2.63,397,400,-3,-12000,-12000,0,0
2.64,398,400,-2,-8000,-8000,0,0
2.65,399,400,-1,-4000,-4000,0,0
2.66,397,400,-3,-12000,-12000,0,0
2.67,398,400,-2,-8000,-8000,0,0
2.68,398,400,-2,-8000,-8000,0,0
2.69,398,400,-2,-8000,-8000,0,0
2.7,398,400,-2,-8000,-8000,0,0
2.71,398,400,-2,-8000,-8000,0,0
2.72,398,400,-2,-8000,-8000,0,0
2.73,398,400,-2,-8000,-8000,0,0
2.74,397,400,-3,-12000,-12000,0,0
2.75,398,400,-2,-8000,-8000,0,0
2.76,398,400,-2,-8000,-8000,0,0
2.77,399,400,-1,-4000,-4000,0,0
2.78,397,400,-3,-12000,-12000,0,0
2.79,397,400,-3,-12000,-12000,0,0
2.8,398,400,-2,-8000,-8000,0,0
2.81,398,400,-2,-8000,-8000,0,0
2.82,399,400,-1,-4000,-4000,0,0
2.83,402,400,2,8000,8000,0,0
2.84,404,400,4,16000,16000,0,0
2.85,403,400,3,12000,12000,0,0
2.86,403,400,3,12000,12000,0,0
2.87,403,400,3,12000,12000,0,0
2.88,403,400,3,12000,12000,0,0
2.89,404,400,4,16000,16000,0,0
2.9,404,400,4,16000,16000,0,0
2.91,409,400,9,36000,36000,0,0
2.92,411,400,11,44000,44000,0,0
2.93,410,400,10,40000,40000,0,0
2.94,410,400,10,40000,40000,0,0
2.95,409,400,9,36000,36000,0,0
2.96,410,400,10,40000,40000,0,0
2.97,411,400,11,44000,44000,0,0
2.98,411,400,11,44000,44000,0,0
2.99,415,400,15,60000,60000,0,0
3.0,418,400,18,72000,72000,0,0
3.01,416,400,16,64000,64000,0,0
3.02,417,400,17,68000,68000,0,0
3.03,421,400,21,84000,84000,0,0
3.04,424,400,24,96000,96000,0,0
3.05,423,400,23,92000,92000,0,0
3.06,423,400,23,92000,92000,0,0
3.07,423,400,23,92000,92000,0,0
3.08,423,400,23,92000,92000,0,0
3.09,424,400,24,96000,96000,0,0
3.1,423,400,23,92000,92000,0,0
3.11,422,400,22,88000,88000,0,0
3.12,423,400,23,92000,92000,0,0
3.13,423,400,23,92000,92000,0,0
3.14,424,400,24,96000,96000,0,0
3.15,426,400,26,104000,104000,0,0
3.16,430,400,30,120000,120000,0,0
3.17,430,400,30,120000,120000,0,0
3.18,429,400,29,116000,116000,0,0
3.19,429,400,29,116000,116000,0,0
3.2,429,400,29,116000,116000,0,0
3.21,430,400,30,120000,120000,0,0
3.22,430,400,30,120000,120000,0,0
3.23,428,400,28,112000,112000,0,0
3.24,429,400,29,116000,116000,0,0
3.25,431,400,31,124000,124000,0,0
3.26,429,400,29,116000,116000,0,0
3.27,429,400,29,116000,116000,0,0
3.28,429,400,29,116000,116000,0,0
3.29,430,400,30,120000,120000,0,0
3.3,429,400,29,116000,116000,0,0
3.31,425,400,25,100000,100000,0,0
3.32,421,400,21,84000,84000,0,0
3.33,423,400,23,92000,92000,0,0
3.34,424,400,24,96000,96000,0,0
3.35,421,400,21,84000,84000,0,0
3.36,423,400,23,92000,92000,0,0
3.37,423,400,23,92000,92000,0,0
3.38,423,400,23,92000,92000,0,0
3.39,423,400,23,92000,92000,0,0
3.4,422,400,22,88000,88000,0,0
3.41,424,400,24,96000,96000,0,0
3.42,424,400,24,96000,96000,0,0
3.43,422,400,22,88000,88000,0,0
3.44,423,400,23,92000,92000,0,0
3.45,423,400,23,92000,92000,0,0
3.46,423,400,23,92000,92000,0,0
3.47,422,400,22,88000,88000,0,0
3.48,422,400,22,88000,88000,0,0
3.49,423,400,23,92000,92000,0,0
3.5,423,400,23,92000,92000,0,0
3.51,423,400,23,92000,92000,0,0
3.52,422,400,22,88000,88000,0,0
3.53,423,400,23,92000,92000,0,0
3.54,423,400,23,92000,92000,0,0
3.55,420,400,20,80000,80000,0,0
3.56,416,400,16,64000,64000,0,0
3.57,415,400,15,60000,60000,0,0
3.58,418,400,18,72000,72000,0,0
3.59,416,400,16,64000,64000,0,0
3.6,416,400,16,64000,64000,0,0
3.61,417,400,17,68000,68000,0,0
3.62,416,400,16,64000,64000,0,0
3.63,414,400,14,56000,56000,0,0
3.64,410,400,10,40000,40000,0,0
3.65,409,400,9,36000,36000,0,0
3.66,411,400,11,44000,44000,0,0
3.67,409,400,9,36000,36000,0,0
3.68,409,400,9,36000,36000,0,0
3.69,410,400,10,40000,40000,0,0
3.7,410,400,10,40000,40000,0,0
3.71,407,400,7,28000,28000,0,0
3.72,399,400,-1,-4000,-4000,0,0
3.73,396,400,-4,-16000,-16000,0,0
3.74,399,400,-1,-4000,-4000,0,0
3.75,397,400,-3,-12000,-12000,0,0
3.76,394,400,-6,-24000,-24000,0,0
3.77,393,400,-7,-28000,-28000,0,0
3.78,394,400,-6,-24000,-24000,0,0
3.79,393,400,-7,-28000,-28000,0,0
3.8,390,400,-10,-40000,-40000,0,0
3.81,388,400,-12,-48000,-48000,0,0
3.82,390,400,-10,-40000,-40000,0,0
3.83,389,400,-11,-44000,-44000,0,0
3.84,388,400,-12,-48000,-48000,0,0
3.85,389,400,-11,-44000,-44000,0,0
3.86,389,400,-11,-44000,-44000,0,0
3.87,389,400,-11,-44000,-44000,0,0
3.88,389,400,-11,-44000,-44000,0,0
3.89,389,400,-11,-44000,-44000,0,0
3.9,390,400,-10,-40000,-40000,0,0
3.91,389,400,-11,-44000,-44000,0,0
3.92,386,400,-14,-56000,-56000,0,0
3.93,384,400,-16,-64000,-64000,0,0
3.94,386,400,-14,-56000,-56000,0,0
3.95,386,400,-14,-56000,-56000,0,0
3.96,384,400,-16,-64000,-64000,0,0
3.97,385,400,-15,-60000,-60000,0,0
3.98,386,400,-14,-56000,-56000,0,0
3.99,385,400,-15,-60000,-60000,0,0
4.0,385,400,-15,-60000,-60000,0,0
4.01,385,400,-15,-60000,-60000,0,0
4.02,386,400,-14,-56000,-56000,0,0
4.03,385,400,-15,-60000,-60000,0,0
4.04,385,400,-15,-60000,-60000,0,0
4.05,385,400,-15,-60000,-60000,0,0
4.06,386,400,-14,-56000,-56000,0,0
4.07,386,400,-14,-56000,-56000,0,0
4.08,385,400,-15,-60000,-60000,0,0
4.09,385,400,-15,-60000,-60000,0,0
4.1,385,400,-15,-60000,-60000,0,0
4.11,385,400,-15,-60000,-60000,0,0
4.12,387,400,-13,-52000,-52000,0,0
4.13,389,400,-11,-44000,-44000,0,0
4.14,390,400,-10,-40000,-40000,0,0
4.15,389,400,-11,-44000,-44000,0,0
4.16,389,400,-11,-44000,-44000,0,0
4.17,388,400,-12,-48000,-48000,0,0
4.18,389,400,-11,-44000,-44000,0,0
4.19,389,400,-11,-44000,-44000,0,0
4.2,388,400,-12,-48000,-48000,0,0
4.21,388,400,-12,-48000,-48000,0,0
4.22,389,400,-11,-44000,-44000,0,0
4.23,389,400,-11,-44000,-44000,0,0
4.24,390,400,-10,-40000,-40000,0,0
4.25,393,400,-7,-28000,-28000,0,0
4.26,395,400,-5,-20000,-20000,0,0
4.27,394,400,-6,-24000,-24000,0,0
4.28,394,400,-6,-24000,-24000,0,0
4.29,394,400,-6,-24000,-24000,0,0
4.3,393,400,-7,-28000,-28000,0,0
4.31,394,400,-6,-24000,-24000,0,0
4.32,393,400,-7,-28000,-28000,0,0
4.33,393,400,-7,-28000,-28000,0,0
4.34,394,400,-6,-24000,-24000,0,0
4.35,394,400,-6,-24000,-24000,0,0
4.36,394,400,-6,-24000,-24000,0,0
4.37,393,400,-7,-28000,-28000,0,0
4.38,394,400,-6,-24000,-24000,0,0
4.39,394,400,-6,-24000,-24000,0,0
4.4,394,400,-6,-24000,-24000,0,0
4.41,393,400,-7,-28000,-28000,0,0
4.42,394,400,-6,-24000,-24000,0,0
4.43,394,400,-6,-24000,-24000,0,0
4.44,394,400,-6,-24000,-24000,0,0
4.45,396,400,-4,-16000,-16000,0,0
4.46,399,400,-1,-4000,-4000,0,0
4.47,398,400,-2,-8000,-8000,0,0
4.48,397,400,-3,-12000,-12000,0,0
4.49,397,400,-3,-12000,-12000,0,0
4.5,400,400,0,0,0,0,0
4.51,398,400,-2,-8000,-8000,0,0
4.52,398,400,-2,-8000,-8000,0,0
4.53,397,400,-3,-12000,-12000,0,0
4.54,398,400,-2,-8000,-8000,0,0
4.55,398,400,-2,-8000,-8000,0,0
4.56,398,400,-2,-8000,-8000,0,0
4.57,397,400,-3,-12000,-12000,0,0
4.58,398,400,-2,-8000,-8000,0,0
4.59,398,400,-2,-8000,-8000,0,0
4.6,398,400,-2,-8000,-8000,0,0
4.61,397,400,-3,-12000,-12000,0,0
4.62,398,400,-2,-8000,-8000,0,0
4.63,398,400,-2,-8000,-8000,0,0
4.64,398,400,-2,-8000,-8000,0,0
4.65,397,400,-3,-12000,-12000,0,0
4.66,398,400,-2,-8000,-8000,0,0
4.67,398,400,-2,-8000,-8000,0,0
4.68,398,400,-2,-8000,-8000,0,0
4.69,397,400,-3,-12000,-12000,0,0
4.7,398,400,-2,-8000,-8000,0,0
4.71,398,400,-2,-8000,-8000,0,0
4.72,398,400,-2,-8000,-8000,0,0
4.73,397,400,-3,-12000,-12000,0,0
4.74,397,400,-3,-12000,-12000,0,0
4.75,398,400,-2,-8000,-8000,0,0
4.76,399,400,-1,-4000,-4000,0,0
4.77,399,400,-1,-4000,-4000,0,0
4.78,403,400,3,12000,12000,0,0
4.79,404,400,4,16000,16000,0,0
4.8,403,400,3,12000,12000,0,0
4.81,403,400,3,12000,12000,0,0
4.82,402,400,2,8000,8000,0,0
4.83,401,400,1,4000,4000,0,0
4.84,404,400,4,16000,16000,0,0
4.85,402,400,2,8000,8000,0,0
4.86,403,400,3,12000,12000,0,0
4.87,403,400,3,12000,12000,0,0
4.88,404,400,4,16000,16000,0,0
4.89,405,400,5,20000,20000,0,0
4.9,409,400,9,36000,36000,0,0
4.91,411,400,11,44000,44000,0,0
4.92,409,400,9,36000,36000,0,0
4.93,410,400,10,40000,40000,0,0
4.94,409,400,9,36000,36000,0,0
4.95,409,400,9,36000,36000,0,0
4.96,411,400,11,44000,44000,0,0
4.97,411,400,11,44000,44000,0,0
4.98,415,400,15,60000,60000,0,0
4.99,417,400,17,68000,68000,0,0
5.0,416,400,16,64000,64000,0,0
5.01,416,400,16,64000,64000,0,0
5.02,416,400,16,64000,64000,0,0
5.03,416,400,16,64000,64000,0,0
5.04,417,400,17,68000,68000,0,0
5.05,416,400,16,64000,64000,0,0
5.06,416,400,16,64000,64000,0,0
5.07,416,400,16,64000,64000,0,0
5.08,416,400,16,64000,64000,0,0
5.09,416,400,16,64000,64000,0,0
5.1,415,400,15,60000,60000,0,0
5.11,416,400,16,64000,64000,0,0
5.12,417,400,17,68000,68000,0,0
5.13,416,400,16,64000,64000,0,0
5.14,416,400,16,64000,64000,0,0
5.15,416,400,16,64000,64000,0,0
5.16,417,400,17,68000,68000,0,0
5.17,416,400,16,64000,64000,0,0
5.18,415,400,15,60000,60000,0,0
5.19,416,400,16,64000,64000,0,0
5.2,417,400,17,68000,68000,0,0
5.21,416,400,16,64000,64000,0,0
5.22,415,400,15,60000,60000,0,0
5.23,416,400,16,64000,64000,0,0
5.24,417,400,17,68000,68000,0,0
5.25,416,400,16,64000,64000,0,0
5.26,416,400,16,64000,64000,0,0
5.27,416,400,16,64000,64000,0,0
5.28,417,400,17,68000,68000,0,0
5.29,416,400,16,64000,64000,0,0
5.3,416,400,16,64000,64000,0,0
5.31,416,400,16,64000,64000,0,0
5.32,417,400,17,68000,68000,0,0
5.33,417,400,17,68000,68000,0,0
5.34,416,400,16,64000,64000,0,0
5.35,416,400,16,64000,64000,0,0
5.36,417,400,17,68000,68000,0,0
5.37,416,400,16,64000,64000,0,0
5.38,416,400,16,64000,64000,0,0
5.39,416,400,16,64000,64000,0,0
5.4,416,400,16,64000,64000,0,0
5.41,417,400,17,68000,68000,0,0
5.42,416,400,16,64000,64000,0,0
5.43,416,400,16,64000,64000,0,0
5.44,418,400,18,72000,72000,0,0
5.45,416,400,16,64000,64000,0,0
5.46,413,400,13,52000,52000,0,0
5.47,409,400,9,36000,36000,0,0
5.48,410,400,10,40000,40000,0,0
5.49,411,400,11,44000,44000,0,0
5.5,409,400,9,36000,36000,0,0
5.51,409,400,9,36000,36000,0,0
5.52,410,400,10,40000,40000,0,0
5.53,410,400,10,40000,40000,0,0
5.54,410,400,10,40000,40000,0,0
5.55,410,400,10,40000,40000,0,0
5.56,410,400,10,40000,40000,0,0
5.57,410,400,10,40000,40000,0,0
5.58,407,400,7,28000,28000,0,0
5.59,402,400,2,8000,8000,0,0
5.6,402,400,2,8000,8000,0,0
5.61,404,400,4,16000,16000,0,0
5.62,402,400,2,8000,8000,0,0
5.63,402,400,2,8000,8000,0,0
5.64,404,400,4,16000,16000,0,0
5.65,403,400,3,12000,12000,0,0
5.66,403,400,3,12000,12000,0,0
5.67,402,400,2,8000,8000,0,0
5.68,403,400,3,12000,12000,0,0
5.69,404,400,4,16000,16000,0,0
5.7,403,400,3,12000,12000,0,0
5.71,402,400,2,8000,8000,0,0
5.72,403,400,3,12000,12000,0,0
5.73,404,400,4,16000,16000,0,0
5.74,401,400,1,4000,4000,0,0
5.75,398,400,-2,-8000,-8000,0,0
5.76,397,400,-3,-12000,-12000,0,0
5.77,399,400,-1,-4000,-4000,0,0
5.78,398,400,-2,-8000,-8000,0,0
5.79,397,400,-3,-12000,-12000,0,0
5.8,398,400,-2,-8000,-8000,0,0
5.81,398,400,-2,-8000,-8000,0,0
5.82,398,400,-2,-8000,-8000,0,0
5.83,397,400,-3,-12000,-12000,0,0
5.84,398,400,-2,-8000,-8000,0,0
5.85,398,400,-2,-8000,-8000,0,0
5.86,398,400,-2,-8000,-8000,0,0
5.87,397,400,-3,-12000,-12000,0,0
5.88,398,400,-2,-8000,-8000,0,0
5.89,398,400,-2,-8000,-8000,0,0
5.9,398,400,-2,-8000,-8000,0,0
5.91,397,400,-3,-12000,-12000,0,0
5.92,398,400,-2,-8000,-8000,0,0
5.93,398,400,-2,-8000,-8000,0,0
5.94,398,400,-2,-8000,-8000,0,0
5.95,397,400,-3,-12000,-12000,0,0
5.96,398,400,-2,-8000,-8000,0,0
5.97,398,400,-2,-8000,-8000,0,0
5.98,398,400,-2,-8000,-8000,0,0
5.99,397,400,-3,-12000,-12000,0,0
6.0,398,400,-2,-8000,-8000,0,0
6.01,398,400,-2,-8000,-8000,0,0
6.02,398,400,-2,-8000,-8000,0,0
6.03,397,400,-3,-12000,-12000,0,0
6.04,398,400,-2,-8000,-8000,0,0
6.05,398,400,-2,-8000,-8000,0,0
6.06,398,400,-2,-8000,-8000,0,0
6.07,398,400,-2,-8000,-8000,0,0
6.08,398,400,-2,-8000,-8000,0,0
6.09,398,400,-2,-8000,-8000,0,0
6.1,398,400,-2,-8000,-8000,0,0
6.11,397,400,-3,-12000,-12000,0,0
6.12,398,400,-2,-8000,-8000,0,0
6.13,398,400,-2,-8000,-8000,0,0
6.14,398,400,-2,-8000,-8000,0,0
6.15,397,400,-3,-12000,-12000,0,0
6.16,397,400,-3,-12000,-12000,0,0
6.17,398,400,-2,-8000,-8000,0,0
6.18,398,400,-2,-8000,-8000,0,0
6.19,397,400,-3,-12000,-12000,0,0
6.2,397,400,-3,-12000,-12000,0,0
6.21,398,400,-2,-8000,-8000,0,0
6.22,398,400,-2,-8000,-8000,0,0
6.23,397,400,-3,-12000,-12000,0,0
6.24,397,400,-3,-12000,-12000,0,0
6.25,398,400,-2,-8000,-8000,0,0
6.26,398,400,-2,-8000,-8000,0,0
6.27,397,400,-3,-12000,-12000,0,0
6.28,397,400,-3,-12000,-12000,0,0
6.29,398,400,-2,-8000,-8000,0,0
6.3,398,400,-2,-8000,-8000,0,0
6.31,398,400,-2,-8000,-8000,0,0
6.32,398,400,-2,-8000,-8000,0,0
6.33,398,400,-2,-8000,-8000,0,0
6.34,398,400,-2,-8000,-8000,0,0
6.35,398,400,-2,-8000,-8000,0,0
6.36,397,400,-3,-12000,-12000,0,0
6.37,398,400,-2,-8000,-8000,0,0
6.38,398,400,-2,-8000,-8000,0,0
6.39,399,400,-1,-4000,-4000,0,0
6.4,402,400,2,8000,8000,0,0
6.41,404,400,4,16000,16000,0,0
6.42,403,400,3,12000,12000,0,0
6.43,403,400,3,12000,12000,0,0
6.44,403,400,3,12000,12000,0,0
6.45,403,400,3,12000,12000,0,0
6.46,404,400,4,16000,16000,0,0
6.47,403,400,3,12000,12000,0,0
6.48,402,400,2,8000,8000,0,0
6.49,404,400,4,16000,16000,0,0
6.5,403,400,3,12000,12000,0,0
6.51,403,400,3,12000,12000,0,0
6.52,398,400,-2,-8000,-8000,0,0
6.53,397,400,-3,-12000,-12000,0,0
6.54,398,400,-2,-8000,-8000,0,0
6.55,399,400,-1,-4000,-4000,0,0
6.56,400,400,0,0,0,0,0
6.57,404,400,4,16000,16000,0,0
6.58,403,400,3,12000,12000,0,0
6.59,402,400,2,8000,8000,0,0
6.6,399,400,-1,-4000,-4000,0,0
6.61,397,400,-3,-12000,-12000,0,0
6.62,399,400,-1,-4000,-4000,0,0
6.63,398,400,-2,-8000,-8000,0,0
6.64,397,400,-3,-12000,-12000,0,0
6.65,398,400,-2,-8000,-8000,0,0
6.66,398,400,-2,-8000,-8000,0,0
6.67,398,400,-2,-8000,-8000,0,0
6.68,398,400,-2,-8000,-8000,0,0
6.69,397,400,-3,-12000,-12000,0,0
6.7,399,400,-1,-4000,-4000,0,0
6.71,398,400,-2,-8000,-8000,0,0
6.72,397,400,-3,-12000,-12000,0,0
6.73,398,400,-2,-8000,-8000,0,0
6.74,398,400,-2,-8000,-8000,0,0
6.75,398,400,-2,-8000,-8000,0,0
6.76,397,400,-3,-12000,-12000,0,0
6.77,398,400,-2,-8000,-8000,0,0
6.78,398,400,-2,-8000,-8000,0,0
6.79,398,400,-2,-8000,-8000,0,0
6.8,397,400,-3,-12000,-12000,0,0
6.81,398,400,-2,-8000,-8000,0,0
6.82,398,400,-2,-8000,-8000,0,0
6.83,398,400,-2,-8000,-8000,0,0
6.84,398,400,-2,-8000,-8000,0,0
6.85,397,400,-3,-12000,-12000,0,0
6.86,398,400,-2,-8000,-8000,0,0
6.87,398,400,-2,-8000,-8000,0,0
6.88,397,400,-3,-12000,-12000,0,0
6.89,397,400,-3,-12000,-12000,0,0
6.9,398,400,-2,-8000,-8000,0,0
6.91,398,400,-2,-8000,-8000,0,0
6.92,398,400,-2,-8000,-8000,0,0
6.93,398,400,-2,-8000,-8000,0,0
6.94,398,400,-2,-8000,-8000,0,0
6.95,398,400,-2,-8000,-8000,0,0
6.96,398,400,-2,-8000,-8000,0,0
6.97,397,400,-3,-12000,-12000,0,0
6.98,398,400,-2,-8000,-8000,0,0
6.99,398,400,-2,-8000,-8000,0,0
7.0,398,400,-2,-8000,-8000,0,0
7.01,397,400,-3,-12000,-12000,0,0
7.02,398,400,-2,-8000,-8000,0,0
7.03,398,400,-2,-8000,-8000,0,0
7.04,398,400,-2,-8000,-8000,0,0
7.05,397,400,-3,-12000,-12000,0,0
7.06,398,400,-2,-8000,-8000,0,0
7.07,398,400,-2,-8000,-8000,0,0
7.08,398,400,-2,-8000,-8000,0,0
7.09,397,400,-3,-12000,-12000,0,0
7.1,398,400,-2,-8000,-8000,0,0
7.11,398,400,-2,-8000,-8000,0,0
7.12,398,400,-2,-8000,-8000,0,0
7.13,397,400,-3,-12000,-12000,0,0
7.14,398,400,-2,-8000,-8000,0,0
7.15,398,400,-2,-8000,-8000,0,0
7.16,397,400,-3,-12000,-12000,0,0
7.17,394,400,-6,-24000,-24000,0,0
7.18,393,400,-7,-28000,-28000,0,0
7.19,394,400,-6,-24000,-24000,0,0
7.2,393,400,-7,-28000,-28000,0,0
7.21,389,400,-11,-44000,-44000,0,0
7.22,388,400,-12,-48000,-48000,0,0
7.23,389,400,-11,-44000,-44000,0,0
7.24,389,400,-11,-44000,-44000,0,0
7.25,386,400,-14,-56000,-56000,0,0
7.26,384,400,-16,-64000,-64000,0,0
7.27,386,400,-14,-56000,-56000,0,0
7.28,385,400,-15,-60000,-60000,0,0
7.29,382,400,-18,-72000,-72000,0,0
7.3,380,400,-20,-80000,-80000,0,0
7.31,382,400,-18,-72000,-72000,0,0
7.32,381,400,-19,-76000,-76000,0,0
7.33,378,400,-22,-88000,-88000,0,0
7.34,377,400,-23,-92000,-92000,0,0
7.35,378,400,-22,-88000,-88000,0,0
7.36,377,400,-23,-92000,-92000,0,0
7.37,374,400,-26,-104000,-104000,0,0
7.38,373,400,-27,-108000,-108000,0,0
7.39,374,400,-26,-104000,-104000,0,0
7.4,374,400,-26,-104000,-104000,0,0
7.41,373,400,-27,-108000,-108000,0,0
7.42,373,400,-27,-108000,-108000,0,0
7.43,374,400,-26,-104000,-104000,0,0
7.44,374,400,-26,-104000,-104000,0,0
7.45,375,400,-25,-100000,-100000,0,0
7.46,377,400,-23,-92000,-92000,0,0
7.47,378,400,-22,-88000,-88000,0,0
7.48,377,400,-23,-92000,-92000,0,0
7.49,377,400,-23,-92000,-92000,0,0
7.5,377,400,-23,-92000,-92000,0,0
7.51,377,400,-23,-92000,-92000,0,0
7.52,378,400,-22,-88000,-88000,0,0
7.53,379,400,-21,-84000,-84000,0,0
7.54,381,400,-19,-76000,-76000,0,0
7.55,382,400,-18,-72000,-72000,0,0
7.56,381,400,-19,-76000,-76000,0,0
7.57,383,400,-17,-68000,-68000,0,0
7.58,385,400,-15,-60000,-60000,0,0
7.59,386,400,-14,-56000,-56000,0,0
7.6,385,400,-15,-60000,-60000,0,0
7.61,385,400,-15,-60000,-60000,0,0
7.62,385,400,-15,-60000,-60000,0,0
7.63,385,400,-15,-60000,-60000,0,0
7.64,386,400,-14,-56000,-56000,0,0
7.65,386,400,-14,-56000,-56000,0,0
7.66,389,400,-11,-44000,-44000,0,0
7.67,390,400,-10,-40000,-40000,0,0
7.68,389,400,-11,-44000,-44000,0,0
7.69,391,400,-9,-36000,-36000,0,0
7.7,393,400,-7,-28000,-28000,0,0
7.71,394,400,-6,-24000,-24000,0,0
7.72,394,400,-6,-24000,-24000,0,0
7.73,393,400,-7,-28000,-28000,0,0
7.74,393,400,-7,-28000,-28000,0,0
7.75,394,400,-6,-24000,-24000,0,0
7.76,394,400,-6,-24000,-24000,0,0
7.77,394,400,-6,-24000,-24000,0,0
7.78,393,400,-7,-28000,-28000,0,0
7.79,394,400,-6,-24000,-24000,0,0
7.8,394,400,-6,-24000,-24000,0,0
7.81,394,400,-6,-24000,-24000,0,0
7.82,393,400,-7,-28000,-28000,0,0
7.83,394,400,-6,-24000,-24000,0,0
7.84,394,400,-6,-24000,-24000,0,0
7.85,394,400,-6,-24000,-24000,0,0
7.86,393,400,-7,-28000,-28000,0,0
7.87,394,400,-6,-24000,-24000,0,0
7.88,394,400,-6,-24000,-24000,0,0
7.89,395,400,-5,-20000,-20000,0,0
7.9,397,400,-3,-12000,-12000,0,0
7.91,399,400,-1,-4000,-4000,0,0
7.92,398,400,-2,-8000,-8000,0,0
7.93,398,400,-2,-8000,-8000,0,0
7.94,398,400,-2,-8000,-8000,0,0
7.95,398,400,-2,-8000,-8000,0,0
7.96,398,400,-2,-8000,-8000,0,0
7.97,398,400,-2,-8000,-8000,0,0
7.98,397,400,-3,-12000,-12000,0,0
7.99,398,400,-2,-8000,-8000,0,0
8.0,398,400,-2,-8000,-8000,0,0
8.01,399,400,-1,-4000,-4000,0,0
8.02,400,400,0,0,0,0,0
8.03,404,400,4,16000,16000,0,0
8.04,404,400,4,16000,16000,0,0
8.05,403,400,3,12000,12000,0,0
8.06,403,400,3,12000,12000,0,0
8.07,403,400,3,12000,12000,0,0
8.08,404,400,4,16000,16000,0,0
8.09,404,400,4,16000,16000,0,0
8.1,409,400,9,36000,36000,0,0
8.11,418,400,18,72000,72000,0,0
8.12,417,400,17,68000,68000,0,0
8.13,416,400,16,64000,64000,0,0
8.14,420,400,20,80000,80000,0,0
8.15,423,400,23,92000,92000,0,0
8.16,424,400,24,96000,96000,0,0
8.17,424,400,24,96000,96000,0,0
8.18,429,400,29,116000,116000,0,0
8.19,437,400,37,148000,148000,0,0
8.2,437,400,37,148000,148000,0,0
8.21,436,400,36,144000,144000,0,0
8.22,436,400,36,144000,144000,0,0
8.23,435,400,35,140000,140000,0,0
8.24,436,400,36,144000,144000,0,0
8.25,437,400,37,148000,148000,0,0
8.26,438,400,38,152000,152000,0,0
8.27,443,400,43,172000,172000,0,0
8.28,444,400,44,176000,176000,0,0
8.29,442,400,42,168000,168000,0,0
8.3,443,400,43,172000,172000,0,0
8.31,442,400,42,168000,168000,0,0
8.32,443,400,43,172000,172000,0,0
8.33,443,400,43,172000,172000,0,0
8.34,442,400,42,168000,168000,0,0
8.35,442,400,42,168000,168000,0,0
8.36,442,400,42,168000,168000,0,0
8.37,443,400,43,172000,172000,0,0
8.38,442,400,42,168000,168000,0,0
8.39,442,400,42,168000,168000,0,0
8.4,443,400,43,172000,172000,0,0
8.41,443,400,43,172000,172000,0,0
8.42,440,400,40,160000,160000,0,0
8.43,436,400,36,144000,144000,0,0
8.44,435,400,35,140000,140000,0,0
8.45,437,400,37,148000,148000,0,0
8.46,434,400,34,136000,136000,0,0
8.47,429,400,29,116000,116000,0,0
8.48,429,400,29,116000,116000,0,0
8.49,431,400,31,124000,124000,0,0
8.5,428,400,28,112000,112000,0,0
8.51,423,400,23,92000,92000,0,0
8.52,422,400,22,88000,88000,0,0
8.53,424,400,24,96000,96000,0,0
8.54,421,400,21,84000,84000,0,0
8.55,416,400,16,64000,64000,0,0
8.56,415,400,15,60000,60000,0,0
8.57,417,400,17,68000,68000,0,0
8.58,416,400,16,64000,64000,0,0
8.59,415,400,15,60000,60000,0,0
8.6,416,400,16,64000,64000,0,0
8.61,417,400,17,68000,68000,0,0
8.62,415,400,15,60000,60000,0,0
8.63,411,400,11,44000,44000,0,0
8.64,409,400,9,36000,36000,0,0
8.65,410,400,10,40000,40000,0,0
8.66,410,400,10,40000,40000,0,0
8.67,408,400,8,32000,32000,0,0
8.68,410,400,10,40000,40000,0,0
8.69,410,400,10,40000,40000,0,0
8.7,409,400,9,36000,36000,0,0
8.71,405,400,5,20000,20000,0,0
8.72,401,400,1,4000,4000,0,0
8.73,404,400,4,16000,16000,0,0
8.74,403,400,3,12000,12000,0,0
8.75,399,400,-1,-4000,-4000,0,0
8.76,397,400,-3,-12000,-12000,0,0
8.77,398,400,-2,-8000,-8000,0,0
8.78,398,400,-2,-8000,-8000,0,0
8.79,395,400,-5,-20000,-20000,0,0
8.8,393,400,-7,-28000,-28000,0,0
8.81,396,400,-4,-16000,-16000,0,0
8.82,393,400,-7,-28000,-28000,0,0
8.83,389,400,-11,-44000,-44000,0,0
8.84,384,400,-16,-64000,-64000,0,0
8.85,385,400,-15,-60000,-60000,0,0
8.86,386,400,-14,-56000,-56000,0,0
8.87,381,400,-19,-76000,-76000,0,0
8.88,376,400,-24,-96000,-96000,0,0
8.89,377,400,-23,-92000,-92000,0,0
8.9,378,400,-22,-88000,-88000,0,0
8.91,373,400,-27,-108000,-108000,0,0
8.92,368,400,-32,-128000,-128000,0,0
8.93,369,400,-31,-124000,-124000,0,0
8.94,370,400,-30,-120000,-120000,0,0
8.95,367,400,-33,-132000,-132000,0,0
8.96,365,400,-35,-140000,-140000,0,0
8.97,366,400,-34,-136000,-136000,0,0
8.98,366,400,-34,-136000,-136000,0,0
8.99,364,400,-36,-144000,-144000,0,0
9.0,362,400,-38,-152000,-152000,0,0
9.01,362,400,-38,-152000,-152000,0,0
9.02,363,400,-37,-148000,-148000,0,0
9.03,360,400,-40,-160000,-160000,0,0
9.04,357,400,-43,-172000,-172000,0,0
9.05,357,400,-43,-172000,-172000,0,0
9.06,358,400,-42,-168000,-168000,0,0
9.07,359,400,-41,-164000,-164000,0,0
9.08,361,400,-39,-156000,-156000,0,0
9.09,363,400,-37,-148000,-148000,0,0
9.1,362,400,-38,-152000,-152000,0,0
9.11,363,400,-37,-148000,-148000,0,0
9.12,365,400,-35,-140000,-140000,0,0
9.13,366,400,-34,-136000,-136000,0,0
9.14,366,400,-34,-136000,-136000,0,0
9.15,367,400,-33,-132000,-132000,0,0
9.16,372,400,-28,-112000,-112000,0,0
9.17,375,400,-25,-100000,-100000,0,0
9.18,373,400,-27,-108000,-108000,0,0
9.19,374,400,-26,-104000,-104000,0,0
9.2,377,400,-23,-92000,-92000,0,0
9.21,378,400,-22,-88000,-88000,0,0
9.22,378,400,-22,-88000,-88000,0,0
9.23,378,400,-22,-88000,-88000,0,0
9.24,380,400,-20,-80000,-80000,0,0
9.25,382,400,-18,-72000,-72000,0,0
9.26,381,400,-19,-76000,-76000,0,0
9.27,382,400,-18,-72000,-72000,0,0
9.28,384,400,-16,-64000,-64000,0,0
9.29,386,400,-14,-56000,-56000,0,0
9.3,386,400,-14,-56000,-56000,0,0
9.31,386,400,-14,-56000,-56000,0,0
9.32,388,400,-12,-48000,-48000,0,0
9.33,389,400,-11,-44000,-44000,0,0
9.34,389,400,-11,-44000,-44000,0,0
9.35,389,400,-11,-44000,-44000,0,0
9.36,389,400,-11,-44000,-44000,0,0
9.37,389,400,-11,-44000,-44000,0,0
9.38,389,400,-11,-44000,-44000,0,0
9.39,389,400,-11,-44000,-44000,0,0
9.4,388,400,-12,-48000,-48000,0,0
9.41,389,400,-11,-44000,-44000,0,0
9.42,389,400,-11,-44000,-44000,0,0
9.43,390,400,-10,-40000,-40000,0,0
9.44,391,400,-9,-36000,-36000,0,0
9.45,394,400,-6,-24000,-24000,0,0
9.46,394,400,-6,-24000,-24000,0,0
9.47,394,400,-6,-24000,-24000,0,0
9.48,394,400,-6,-24000,-24000,0,0
9.49,393,400,-7,-28000,-28000,0,0
9.5,394,400,-6,-24000,-24000,0,0
9.51,394,400,-6,-24000,-24000,0,0
9.52,393,400,-7,-28000,-28000,0,0
9.53,394,400,-6,-24000,-24000,0,0
9.54,394,400,-6,-24000,-24000,0,0
9.55,394,400,-6,-24000,-24000,0,0
9.56,395,400,-5,-20000,-20000,0,0
9.57,398,400,-2,-8000,-8000,0,0
9.58,399,400,-1,-4000,-4000,0,0
9.59,397,400,-3,-12000,-12000,0,0
9.6,398,400,-2,-8000,-8000,0,0
9.61,398,400,-2,-8000,-8000,0,0
9.62,398,400,-2,-8000,-8000,0,0
9.63,398,400,-2,-8000,-8000,0,0
9.64,397,400,-3,-12000,-12000,0,0
9.65,397,400,-3,-12000,-12000,0,0
9.66,398,400,-2,-8000,-8000,0,0
9.67,398,400,-2,-8000,-8000,0,0
9.68,399,400,-1,-4000,-4000,0,0
9.69,402,400,2,8000,8000,0,0
9.7,404,400,4,16000,16000,0,0
9.71,403,400,3,12000,12000,0,0
9.72,403,400,3,12000,12000,0,0
9.73,403,400,3,12000,12000,0,0
9.74,403,400,3,12000,12000,0,0
9.75,404,400,4,16000,16000,0,0
9.76,404,400,4,16000,16000,0,0
9.77,409,400,9,36000,36000,0,0
9.78,411,400,11,44000,44000,0,0
9.79,409,400,9,36000,36000,0,0
9.8,410,400,10,40000,40000,0,0
9.81,409,400,9,36000,36000,0,0
9.82,409,400,9,36000,36000,0,0
9.83,410,400,10,40000,40000,0,0
9.84,409,400,9,36000,36000,0,0
9.85,409,400,9,36000,36000,0,0
9.86,410,400,10,40000,40000,0,0
9.87,410,400,10,40000,40000,0,0
9.88,408,400,8,32000,32000,0,0
9.89,403,400,3,12000,12000,0,0
9.9,402,400,2,8000,8000,0,0
9.91,404,400,4,16000,16000,0,0
9.92,403,400,3,12000,12000,0,0
9.93,402,400,2,8000,8000,0,0
9.94,403,400,3,12000,12000,0,0
9.95,404,400,4,16000,16000,0,0
9.96,403,400,3,12000,12000,0,0
9.97,402,400,2,8000,8000,0,0
9.98,403,400,3,12000,12000,0,0
9.99,404,400,4,16000,16000,0,0
10.0,403,400,3,12000,12000,0,0
10.01,402,400,2,8000,8000,0,0
10.02,403,400,3,12000,12000,0,0
10.03,403,400,3,12000,12000,0,0
10.04,403,400,3,12000,12000,0,0
10.05,402,400,2,8000,8000,0,0
10.06,403,400,3,12000,12000,0,0
10.07,404,400,4,16000,16000,0,0
10.08,403,400,3,12000,12000,0,0
10.09,402,400,2,8000,8000,0,0
10.1,403,400,3,12000,12000,0,0
10.11,403,400,3,12000,12000,0,0
10.12,403,400,3,12000,12000,0,0
10.13,402,400,2,8000,8000,0,0
10.14,403,400,3,12000,12000,0,0
10.15,404,400,4,16000,16000,0,0
10.16,403,400,3,12000,12000,0,0
10.17,402,400,2,8000,8000,0,0
10.18,403,400,3,12000,12000,0,0
10.19,404,400,4,16000,16000,0,0
10.2,404,400,4,16000,16000,0,0
10.21,403,400,3,12000,12000,0,0
10.22,403,400,3,12000,12000,0,0
10.23,403,400,3,12000,12000,0,0
10.24,403,400,3,12000,12000,0,0
10.25,399,400,-1,-4000,-4000,0,0
10.26,397,400,-3,-12000,-12000,0,0
10.27,398,400,-2,-8000,-8000,0,0
10.28,399,400,-1,-4000,-4000,0,0
10.29,399,400,-1,-4000,-4000,0,0
10.3,403,400,3,12000,12000,0,0
10.31,405,400,5,20000,20000,0,0
10.32,402,400,2,8000,8000,0,0
10.33,400,400,0,0,0,0,0
10.34,397,400,-3,-12000,-12000,0,0
10.35,397,400,-3,-12000,-12000,0,0
10.36,399,400,-1,-4000,-4000,0,0
10.37,399,400,-1,-4000,-4000,0,0
10.38,401,400,1,4000,4000,0,0
10.39,404,400,4,16000,16000,0,0
10.4,402,400,2,8000,8000,0,0
10.41,401,400,1,4000,4000,0,0
10.42,397,400,-3,-12000,-12000,0,0
10.43,397,400,-3,-12000,-12000,0,0
10.44,399,400,-1,-4000,-4000,0,0
10.45,397,400,-3,-12000,-12000,0,0
10.46,397,400,-3,-12000,-12000,0,0
10.47,398,400,-2,-8000,-8000,0,0
10.48,398,400,-2,-8000,-8000,0,0
10.49,398,400,-2,-8000,-8000,0,0
10.5,397,400,-3,-12000,-12000,0,0
10.51,398,400,-2,-8000,-8000,0,0
10.52,398,400,-2,-8000,-8000,0,0
10.53,398,400,-2,-8000,-8000,0,0
10.54,397,400,-3,-12000,-12000,0,0
10.55,398,400,-2,-8000,-8000,0,0
10.56,398,400,-2,-8000,-8000,0,0
10.57,399,400,-1,-4000,-4000,0,0
10.58,397,400,-3,-12000,-12000,0,0
10.59,398,400,-2,-8000,-8000,0,0
10.6,398,400,-2,-8000,-8000,0,0
10.61,398,400,-2,-8000,-8000,0,0
10.62,397,400,-3,-12000,-12000,0,0
10.63,398,400,-2,-8000,-8000,0,0
10.64,398,400,-2,-8000,-8000,0,0
10.65,399,400,-1,-4000,-4000,0,0
10.66,401,400,1,4000,4000,0,0
10.67,404,400,4,16000,16000,0,0
10.68,404,400,4,16000,16000,0,0
10.69,403,400,3,12000,12000,0,0
10.7,403,400,3,12000,12000,0,0
10.71,402,400,2,8000,8000,0,0
10.72,404,400,4,16000,16000,0,0
10.73,404,400,4,16000,16000,0,0
10.74,407,400,7,28000,28000,0,0
10.75,411,400,11,44000,44000,0,0
10.76,410,400,10,40000,40000,0,0
10.77,410,400,10,40000,40000,0,0
10.78,409,400,9,36000,36000,0,0
10.79,409,400,9,36000,36000,0,0
10.8,410,400,10,40000,40000,0,0
10.81,410,400,10,40000,40000,0,0
10.82,409,400,9,36000,36000,0,0
10.83,409,400,9,36000,36000,0,0
10.84,410,400,10,40000,40000,0,0
10.85,410,400,10,40000,40000,0,0
10.86,405,400,5,20000,20000,0,0
10.87,402,400,2,8000,8000,0,0
10.88,404,400,4,16000,16000,0,0
10.89,404,400,4,16000,16000,0,0
10.9,401,400,1,4000,4000,0,0
10.91,403,400,3,12000,12000,0,0
10.92,404,400,4,16000,16000,0,0
10.93,403,400,3,12000,12000,0,0
10.94,403,400,3,12000,12000,0,0
10.95,402,400,2,8000,8000,0,0
10.96,404,400,4,16000,16000,0,0
10.97,403,400,3,12000,12000,0,0
10.98,400,400,0,0,0,0,0
10.99,397,400,-3,-12000,-12000,0,0
11.0,398,400,-2,-8000,-8000,0,0
11.01,399,400,-1,-4000,-4000,0,0
11.02,399,400,-1,-4000,-4000,0,0
11.03,402,400,2,8000,8000,0,0
11.04,404,400,4,16000,16000,0,0
11.05,402,400,2,8000,8000,0,0
11.06,400,400,0,0,0,0,0
11.07,397,400,-3,-12000,-12000,0,0
11.08,397,400,-3,-12000,-12000,0,0
11.09,399,400,-1,-4000,-4000,0,0
11.1,397,400,-3,-12000,-12000,0,0
11.11,398,400,-2,-8000,-8000,0,0
11.12,398,400,-2,-8000,-8000,0,0
11.13,398,400,-2,-8000,-8000,0,0
11.14,398,400,-2,-8000,-8000,0,0
11.15,397,400,-3,-12000,-12000,0,0
11.16,398,400,-2,-8000,-8000,0,0
11.17,398,400,-2,-8000,-8000,0,0
11.18,398,400,-2,-8000,-8000,0,0
11.19,398,400,-2,-8000,-8000,0,0
11.2,398,400,-2,-8000,-8000,0,0
11.21,398,400,-2,-8000,-8000,0,0
11.22,397,400,-3,-12000,-12000,0,0
11.23,397,400,-3,-12000,-12000,0,0
11.24,398,400,-2,-8000,-8000,0,0
11.25,398,400,-2,-8000,-8000,0,0
11.26,399,400,-1,-4000,-4000,0,0
11.27,401,400,1,4000,4000,0,0
11.28,404,400,4,16000,16000,0,0
11.29,403,400,3,12000,12000,0,0
11.3,402,400,2,8000,8000,0,0
11.31,398,400,-2,-8000,-8000,0,0
11.32,397,400,-3,-12000,-12000,0,0
11.33,399,400,-1,-4000,-4000,0,0
11.34,399,400,-1,-4000,-4000,0,0
11.35,400,400,0,0,0,0,0
11.36,405,400,5,20000,20000,0,0
11.37,403,400,3,12000,12000,0,0
11.38,403,400,3,12000,12000,0,0
11.39,399,400,-1,-4000,-4000,0,0
11.4,397,400,-3,-12000,-12000,0,0
11.41,399,400,-1,-4000,-4000,0,0
11.42,399,400,-1,-4000,-4000,0,0
11.43,400,400,0,0,0,0,0
11.44,404,400,4,16000,16000,0,0
11.45,403,400,3,12000,12000,0,0
11.46,402,400,2,8000,8000,0,0
11.47,399,400,-1,-4000,-4000,0,0
11.48,397,400,-3,-12000,-12000,0,0
11.49,398,400,-2,-8000,-8000,0,0
11.5,398,400,-2,-8000,-8000,0,0
11.51,397,400,-3,-12000,-12000,0,0
11.52,398,400,-2,-8000,-8000,0,0
11.53,398,400,-2,-8000,-8000,0,0
11.54,398,400,-2,-8000,-8000,0,0
11.55,397,400,-3,-12000,-12000,0,0
11.56,397,400,-3,-12000,-12000,0,0
11.57,398,400,-2,-8000,-8000,0,0
11.58,398,400,-2,-8000,-8000,0,0
11.59,397,400,-3,-12000,-12000,0,0
11.6,403,400,3,12000,12000,0,0
11.61,404,400,4,16000,16000,0,0
11.62,403,400,3,12000,12000,0,0
11.63,400,400,0,0,0,0,0
11.64,397,400,-3,-12000,-12000,0,0
11.65,398,400,-2,-8000,-8000,0,0
11.66,399,400,-1,-4000,-4000,0,0
11.67,399,400,-1,-4000,-4000,0,0
11.68,403,400,3,12000,12000,0,0
11.69,404,400,4,16000,16000,0,0
11.7,402,400,2,8000,8000,0,0
11.71,400,400,0,0,0,0,0
11.72,397,400,-3,-12000,-12000,0,0
11.73,398,400,-2,-8000,-8000,0,0
11.74,399,400,-1,-4000,-4000,0,0
11.75,399,400,-1,-4000,-4000,0,0
11.76,403,400,3,12000,12000,0,0
11.77,404,400,4,16000,16000,0,0
11.78,402,400,2,8000,8000,0,0
11.79,401,400,1,4000,4000,0,0
11.8,397,400,-3,-12000,-12000,0,0
11.81,397,400,-3,-12000,-12000,0,0
11.82,399,400,-1,-4000,-4000,0,0
11.83,397,400,-3,-12000,-12000,0,0
11.84,398,400,-2,-8000,-8000,0,0
11.85,398,400,-2,-8000,-8000,0,0
11.86,398,400,-2,-8000,-8000,0,0
11.87,398,400,-2,-8000,-8000,0,0
11.88,397,400,-3,-12000,-12000,0,0
11.89,398,400,-2,-8000,-8000,0,0
11.9,398,400,-2,-8000,-8000,0,0
11.91,399,400,-1,-4000,-4000,0,0
11.92,401,400,1,4000,4000,0,0
11.93,404,400,4,16000,16000,0,0
11.94,404,400,4,16000,16000,0,0
11.95,401,400,1,4000,4000,0,0
11.96,398,400,-2,-8000,-8000,0,0
11.97,397,400,-3,-12000,-12000,0,0
11.98,399,400,-1,-4000,-4000,0,0
11.99,399,400,-1,-4000,-4000,0,0
12.0,401,400,1,4000,4000,0,0
12.01,405,400,5,20000,20000,0,0
12.02,403,400,3,12000,12000,0,0
12.03,402,400,2,8000,8000,0,0
12.04,399,400,-1,-4000,-4000,0,0
12.05,397,400,-3,-12000,-12000,0,0
12.06,399,400,-1,-4000,-4000,0,0
12.07,399,400,-1,-4000,-4000,0,0
12.08,400,400,0,0,0,0,0
12.09,405,400,5,20000,20000,0,0
12.1,403,400,3,12000,12000,0,0
12.11,402,400,2,8000,8000,0,0
12.12,399,400,-1,-4000,-4000,0,0
12.13,397,400,-3,-12000,-12000,0,0
12.14,399,400,-1,-4000,-4000,0,0
12.15,399,400,-1,-4000,-4000,0,0
12.16,400,400,0,0,0,0,0
12.17,404,400,4,16000,16000,0,0
12.18,404,400,4,16000,16000,0,0
12.19,402,400,2,8000,8000,0,0
12.2,399,400,-1,-4000,-4000,0,0
12.21,397,400,-3,-12000,-12000,0,0
12.22,398,400,-2,-8000,-8000,0,0
12.23,399,400,-1,-4000,-4000,0,0
12.24,399,400,-1,-4000,-4000,0,0
12.25,404,400,4,16000,16000,0,0
12.26,404,400,4,16000,16000,0,0
12.27,403,400,3,12000,12000,0,0
12.28,400,400,0,0,0,0,0
12.29,397,400,-3,-12000,-12000,0,0
12.3,398,400,-2,-8000,-8000,0,0
12.31,399,400,-1,-4000,-4000,0,0
12.32,397,400,-3,-12000,-12000,0,0
12.33,398,400,-2,-8000,-8000,0,0
12.34,398,400,-2,-8000,-8000,0,0
12.35,398,400,-2,-8000,-8000,0,0
12.36,398,400,-2,-8000,-8000,0,0
12.37,397,400,-3,-12000,-12000,0,0
12.38,398,400,-2,-8000,-8000,0,0
12.39,398,400,-2,-8000,-8000,0,0
12.4,397,400,-3,-12000,-12000,0,0
12.41,397,400,-3,-12000,-12000,0,0
