0.0,463,400,63,250000,252000,0,0
0.01,463,400,63,250000,252000,0,0
0.02,463,400,63,250000,252000,0,0
0.03,464,400,64,250000,256000,0,0
0.04,463,400,63,250000,252000,0,0
0.05,463,400,63,250000,252000,0,0
0.06,463,400,63,250000,252000,0,0
0.07,464,400,64,250000,256000,0,0
0.08,464,400,64,250000,256000,0,0
0.09,463,400,63,250000,252000,0,0
0.1,463,400,63,250000,252000,0,0
0.11,464,400,64,250000,256000,0,0
0.12,464,400,64,250000,256000,0,0
0.13,463,400,63,250000,252000,0,0
0.14,463,400,63,250000,252000,0,0
0.15,464,400,64,250000,256000,0,0
0.16,463,400,63,250000,252000,0,0
0.17,463,400,63,250000,252000,0,0
0.18,463,400,63,250000,252000,0,0
0.19,464,400,64,250000,256000,0,0
0.2,464,400,64,250000,256000,0,0
0.21,463,400,63,250000,252000,0,0
0.22,463,400,63,250000,252000,0,0
0.23,464,400,64,250000,256000,0,0
0.24,463,400,63,250000,252000,0,0
0.25,463,400,63,250000,252000,0,0
0.26,463,400,63,250000,252000,0,0
0.27,464,400,64,250000,256000,0,0
0.28,464,400,64,250000,256000,0,0
0.29,463,400,63,250000,252000,0,0
0.3,463,400,63,250000,252000,0,0
0.31,464,400,64,250000,256000,0,0
0.32,464,400,64,250000,256000,0,0
0.33,463,400,63,250000,252000,0,0
0.34,463,400,63,250000,252000,0,0
0.35,463,400,63,250000,252000,0,0
0.36,464,400,64,250000,256000,0,0
0.37,463,400,63,250000,252000,0,0
0.38,463,400,63,250000,252000,0,0
0.39,463,400,63,250000,252000,0,0
0.4,464,400,64,250000,256000,0,0
0.41,463,400,63,250000,252000,0,0
0.42,463,400,63,250000,252000,0,0
0.43,464,400,64,250000,256000,0,0
0.44,464,400,64,250000,256000,0,0
0.45,463,400,63,250000,252000,0,0
0.46,463,400,63,250000,252000,0,0
0.47,464,400,64,250000,256000,0,0
0.48,464,400,64,250000,256000,0,0
0.49,463,400,63,250000,252000,0,0
0.5,462,400,62,248000,248000,0,0
0.51,464,400,64,250000,256000,0,0
0.52,464,400,64,250000,256000,0,0
0.53,463,400,63,250000,252000,0,0
0.54,462,400,62,248000,248000,0,0
0.55,463,400,63,250000,252000,0,0
0.56,463,400,63,250000,252000,0,0
0.57,462,400,62,248000,248000,0,0
0.58,462,400,62,248000,248000,0,0
0.59,463,400,63,250000,252000,0,0
0.6,463,400,63,250000,252000,0,0
0.61,463,400,63,250000,252000,0,0
0.62,462,400,62,248000,248000,0,0
0.63,463,400,63,250000,252000,0,0
0.64,463,400,63,250000,252000,0,0
0.65,463,400,63,250000,252000,0,0
0.66,462,400,62,248000,248000,0,0
0.67,463,400,63,250000,252000,0,0
0.68,464,400,64,250000,256000,0,0
0.69,463,400,63,250000,252000,0,0
0.7,461,400,61,244000,244000,0,0
0.71,463,400,63,250000,252000,0,0
0.72,463,400,63,250000,252000,0,0
0.73,463,400,63,250000,252000,0,0
0.74,462,400,62,248000,248000,0,0
0.75,463,400,63,250000,252000,0,0
0.76,463,400,63,250000,252000,0,0
0.77,463,400,63,250000,252000,0,0
0.78,462,400,62,248000,248000,0,0
0.79,462,400,62,248000,248000,0,0
0.8,463,400,63,250000,252000,0,0
0.81,463,400,63,250000,252000,0,0
0.82,462,400,62,248000,248000,0,0
0.83,463,400,63,250000,252000,0,0
0.84,464,400,64,250000,256000,0,0
0.85,463,400,63,250000,252000,0,0
0.86,462,400,62,248000,248000,0,0
0.87,462,400,62,248000,248000,0,0
0.88,463,400,63,250000,252000,0,0
0.89,463,400,63,250000,252000,0,0
0.9,462,400,62,248000,248000,0,0
0.91,462,400,62,248000,248000,0,0
0.92,463,400,63,250000,252000,0,0
0.93,463,400,63,250000,252000,0,0
0.94,462,400,62,248000,248000,0,0
0.95,462,400,62,248000,248000,0,0
0.96,463,400,63,250000,252000,0,0
0.97,463,400,63,250000,252000,0,0
0.98,462,400,62,248000,248000,0,0
0.99,462,400,62,248000,248000,0,0
1.0,464,400,64,250000,256000,0,0
1.01,461,400,61,244000,244000,0,0
1.02,462,400,62,248000,248000,0,0
1.03,462,400,62,248000,248000,0,0
1.04,463,400,63,250000,252000,0,0
1.05,464,400,64,250000,256000,0,0
1.06,462,400,62,248000,248000,0,0
1.07,462,400,62,248000,248000,0,0
1.08,463,400,63,250000,252000,0,0
1.09,463,400,63,250000,252000,0,0
1.1,463,400,63,250000,252000,0,0
1.11,462,400,62,248000,248000,0,0
1.12,463,400,63,250000,252000,0,0
1.13,463,400,63,250000,252000,0,0
1.14,462,400,62,248000,248000,0,0
1.15,462,400,62,248000,248000,0,0
1.16,463,400,63,250000,252000,0,0
1.17,463,400,63,250000,252000,0,0
1.18,463,400,63,250000,252000,0,0
1.19,461,400,61,244000,244000,0,0
1.2,461,400,61,244000,244000,0,0
1.21,464,400,64,250000,256000,0,0
1.22,462,400,62,248000,248000,0,0
1.23,462,400,62,248000,248000,0,0
1.24,463,400,63,250000,252000,0,0
1.25,463,400,63,250000,252000,0,0
1.26,463,400,63,250000,252000,0,0
1.27,461,400,61,244000,244000,0,0
1.28,463,400,63,250000,252000,0,0
1.29,463,400,63,250000,252000,0,0
1.3,463,400,63,250000,252000,0,0
1.31,462,400,62,248000,248000,0,0
1.32,463,400,63,250000,252000,0,0
1.33,464,400,64,250000,256000,0,0
1.34,463,400,63,250000,252000,0,0
1.35,462,400,62,248000,248000,0,0
1.36,463,400,63,250000,252000,0,0
1.37,463,400,63,250000,252000,0,0
1.38,463,400,63,250000,252000,0,0
1.39,462,400,62,248000,248000,0,0
1.4,462,400,62,248000,248000,0,0
1.41,464,400,64,250000,256000,0,0
1.42,463,400,63,250000,252000,0,0
1.43,462,400,62,248000,248000,0,0
1.44,462,400,62,248000,248000,0,0
1.45,464,400,64,250000,256000,0,0
1.46,463,400,63,250000,252000,0,0
1.47,461,400,61,244000,244000,0,0
1.48,463,400,63,250000,252000,0,0
1.49,463,400,63,250000,252000,0,0
1.5,463,400,63,250000,252000,0,0
1.51,462,400,62,248000,248000,0,0
1.52,463,400,63,250000,252000,0,0
1.53,463,400,63,250000,252000,0,0
1.54,464,400,64,250000,256000,0,0
1.55,463,400,63,250000,252000,0,0
1.56,463,400,63,250000,252000,0,0
1.57,464,400,64,250000,256000,0,0
1.58,464,400,64,250000,256000,0,0
1.59,463,400,63,250000,252000,0,0
1.6,463,400,63,250000,252000,0,0
1.61,464,400,64,250000,256000,0,0
1.62,464,400,64,250000,256000,0,0
1.63,463,400,63,250000,252000,0,0
1.64,463,400,63,250000,252000,0,0
1.65,464,400,64,250000,256000,0,0
1.66,464,400,64,250000,256000,0,0
1.67,463,400,63,250000,252000,0,0
1.68,463,400,63,250000,252000,0,0
1.69,464,400,64,250000,256000,0,0
1.7,464,400,64,250000,256000,0,0
1.71,463,400,63,250000,252000,0,0
1.72,463,400,63,250000,252000,0,0
1.73,464,400,64,250000,256000,0,0
1.74,464,400,64,250000,256000,0,0
1.75,463,400,63,250000,252000,0,0
1.76,463,400,63,250000,252000,0,0
1.77,464,400,64,250000,256000,0,0
1.78,464,400,64,250000,256000,0,0
1.79,463,400,63,250000,252000,0,0
1.8,463,400,63,250000,252000,0,0
1.81,463,400,63,250000,252000,0,0
1.82,464,400,64,250000,256000,0,0
1.83,463,400,63,250000,252000,0,0
1.84,462,400,62,248000,248000,0,0
1.85,464,400,64,250000,256000,0,0
1.86,464,400,64,250000,256000,0,0
1.87,463,400,63,250000,252000,0,0
1.88,463,400,63,250000,252000,0,0
1.89,463,400,63,250000,252000,0,0
1.9,464,400,64,250000,256000,0,0
1.91,463,400,63,250000,252000,0,0
1.92,462,400,62,248000,248000,0,0
1.93,463,400,63,250000,252000,0,0
1.94,464,400,64,250000,256000,0,0
1.95,463,400,63,250000,252000,0,0
1.96,462,400,62,248000,248000,0,0
1.97,464,400,64,250000,256000,0,0
1.98,464,400,64,250000,256000,0,0
1.99,463,400,63,250000,252000,0,0
2.0,462,400,62,248000,248000,0,0
2.01,463,400,63,250000,252000,0,0
2.02,462,400,62,248000,248000,0,0
2.03,463,400,63,250000,252000,0,0
2.04,463,400,63,250000,252000,0,0
2.05,463,400,63,250000,252000,0,0
2.06,464,400,64,250000,256000,0,0
2.07,463,400,63,250000,252000,0,0
2.08,463,400,63,250000,252000,0,0
2.09,463,400,63,250000,252000,0,0
2.1,464,400,64,250000,256000,0,0
2.11,464,400,64,250000,256000,0,0
2.12,463,400,63,250000,252000,0,0
2.13,463,400,63,250000,252000,0,0
2.14,464,400,64,250000,256000,0,0
2.15,463,400,63,250000,252000,0,0
2.16,463,400,63,250000,252000,0,0
2.17,463,400,63,250000,252000,0,0
2.18,464,400,64,250000,256000,0,0
2.19,463,400,63,250000,252000,0,0
2.2,462,400,62,248000,248000,0,0
2.21,463,400,63,250000,252000,0,0
2.22,464,400,64,250000,256000,0,0
2.23,463,400,63,250000,252000,0,0
2.24,463,400,63,250000,252000,0,0
2.25,463,400,63,250000,252000,0,0
2.26,464,400,64,250000,256000,0,0
2.27,464,400,64,250000,256000,0,0
2.28,462,400,62,248000,248000,0,0
2.29,463,400,63,250000,252000,0,0
2.3,464,400,64,250000,256000,0,0
2.31,464,400,64,250000,256000,0,0
2.32,463,400,63,250000,252000,0,0
2.33,463,400,63,250000,252000,0,0
2.34,464,400,64,250000,256000,0,0
2.35,464,400,64,250000,256000,0,0
2.36,463,400,63,250000,252000,0,0
2.37,463,400,63,250000,252000,0,0
2.38,464,400,64,250000,256000,0,0
2.39,464,400,64,250000,256000,0,0
2.4,463,400,63,250000,252000,0,0
2.41,463,400,63,250000,252000,0,0
2.42,464,400,64,250000,256000,0,0
2.43,464,400,64,250000,256000,0,0
2.44,463,400,63,250000,252000,0,0
2.45,463,400,63,250000,252000,0,0
2.46,464,400,64,250000,256000,0,0
2.47,464,400,64,250000,256000,0,0
2.48,463,400,63,250000,252000,0,0
2.49,463,400,63,250000,252000,0,0
2.5,463,400,63,250000,252000,0,0
2.51,464,400,64,250000,256000,0,0
2.52,463,400,63,250000,252000,0,0
2.53,463,400,63,250000,252000,0,0
2.54,463,400,63,250000,252000,0,0
2.55,463,400,63,250000,252000,0,0
2.56,462,400,62,248000,248000,0,0
2.57,461,400,61,244000,244000,0,0
2.58,463,400,63,250000,252000,0,0
2.59,463,400,63,250000,252000,0,0
2.6,463,400,63,250000,252000,0,0
2.61,461,400,61,244000,244000,0,0
2.62,463,400,63,250000,252000,0,0
2.63,463,400,63,250000,252000,0,0
2.64,463,400,63,250000,252000,0,0
2.65,462,400,62,248000,248000,0,0
2.66,463,400,63,250000,252000,0,0
2.67,463,400,63,250000,252000,0,0
2.68,463,400,63,250000,252000,0,0
2.69,461,400,61,244000,244000,0,0
2.7,462,400,62,248000,248000,0,0
2.71,464,400,64,250000,256000,0,0
2.72,462,400,62,248000,248000,0,0
2.73,461,400,61,244000,244000,0,0
2.74,462,400,62,248000,248000,0,0
2.75,463,400,63,250000,252000,0,0
2.76,463,400,63,250000,252000,0,0
2.77,461,400,61,244000,244000,0,0
2.78,463,400,63,250000,252000,0,0
2.79,464,400,64,250000,256000,0,0
2.8,463,400,63,250000,252000,0,0
2.81,462,400,62,248000,248000,0,0
2.82,463,400,63,250000,252000,0,0
2.83,463,400,63,250000,252000,0,0
2.84,463,400,63,250000,252000,0,0
2.85,462,400,62,248000,248000,0,0
2.86,463,400,63,250000,252000,0,0
2.87,463,400,63,250000,252000,0,0
2.88,463,400,63,250000,252000,0,0
2.89,461,400,61,244000,244000,0,0
2.9,463,400,63,250000,252000,0,0
2.91,463,400,63,250000,252000,0,0
2.92,463,400,63,250000,252000,0,0
2.93,462,400,62,248000,248000,0,0
2.94,462,400,62,248000,248000,0,0
2.95,463,400,63,250000,252000,0,0
2.96,463,400,63,250000,252000,0,0
2.97,462,400,62,248000,248000,0,0
2.98,461,400,61,244000,244000,0,0
2.99,464,400,64,250000,256000,0,0
3.0,463,400,63,250000,252000,0,0
3.01,461,400,61,244000,244000,0,0
3.02,462,400,62,248000,248000,0,0
3.03,463,400,63,250000,252000,0,0
3.04,463,400,63,250000,252000,0,0
3.05,462,400,62,248000,248000,0,0
3.06,462,400,62,248000,248000,0,0
3.07,463,400,63,250000,252000,0,0
3.08,464,400,64,250000,256000,0,0
3.09,462,400,62,248000,248000,0,0
3.1,462,400,62,248000,248000,0,0
3.11,463,400,63,250000,252000,0,0
3.12,464,400,64,250000,256000,0,0
3.13,461,400,61,244000,244000,0,0
3.14,462,400,62,248000,248000,0,0
3.15,463,400,63,250000,252000,0,0
3.16,464,400,64,250000,256000,0,0
3.17,463,400,63,250000,252000,0,0
3.18,462,400,62,248000,248000,0,0
3.19,463,400,63,250000,252000,0,0
3.2,463,400,63,250000,252000,0,0
3.21,462,400,62,248000,248000,0,0
3.22,462,400,62,248000,248000,0,0
3.23,463,400,63,250000,252000,0,0
3.24,463,400,63,250000,252000,0,0
3.25,463,400,63,250000,252000,0,0
3.26,462,400,62,248000,248000,0,0
3.27,463,400,63,250000,252000,0,0
3.28,464,400,64,250000,256000,0,0
3.29,463,400,63,250000,252000,0,0
3.3,462,400,62,248000,248000,0,0
3.31,463,400,63,250000,252000,0,0
3.32,464,400,64,250000,256000,0,0
3.33,463,400,63,250000,252000,0,0
3.34,462,400,62,248000,248000,0,0
3.35,463,400,63,250000,252000,0,0
3.36,464,400,64,250000,256000,0,0
3.37,463,400,63,250000,252000,0,0
3.38,462,400,62,248000,248000,0,0
3.39,463,400,63,250000,252000,0,0
3.4,464,400,64,250000,256000,0,0
3.41,463,400,63,250000,252000,0,0
3.42,462,400,62,248000,248000,0,0
3.43,463,400,63,250000,252000,0,0
3.44,464,400,64,250000,256000,0,0
3.45,463,400,63,250000,252000,0,0
3.46,462,400,62,248000,248000,0,0
3.47,463,400,63,250000,252000,0,0
3.48,463,400,63,250000,252000,0,0
3.49,463,400,63,250000,252000,0,0
3.5,461,400,61,244000,244000,0,0
3.51,463,400,63,250000,252000,0,0
3.52,463,400,63,250000,252000,0,0
3.53,463,400,63,250000,252000,0,0
3.54,463,400,63,250000,252000,0,0
3.55,463,400,63,250000,252000,0,0
3.56,464,400,64,250000,256000,0,0
3.57,463,400,63,250000,252000,0,0
3.58,463,400,63,250000,252000,0,0
3.59,463,400,63,250000,252000,0,0
3.6,465,400,65,250000,260000,0,0
3.61,464,400,64,250000,256000,0,0
3.62,463,400,63,250000,252000,0,0
3.63,463,400,63,250000,252000,0,0
3.64,464,400,64,250000,256000,0,0
3.65,464,400,64,250000,256000,0,0
3.66,463,400,63,250000,252000,0,0
3.67,463,400,63,250000,252000,0,0
3.68,464,400,64,250000,256000,0,0
3.69,464,400,64,250000,256000,0,0
3.7,463,400,63,250000,252000,0,0
3.71,463,400,63,250000,252000,0,0
3.72,464,400,64,250000,256000,0,0
3.73,464,400,64,250000,256000,0,0
3.74,463,400,63,250000,252000,0,0
3.75,463,400,63,250000,252000,0,0
3.76,464,400,64,250000,256000,0,0
3.77,464,400,64,250000,256000,0,0
3.78,463,400,63,250000,252000,0,0
3.79,463,400,63,250000,252000,0,0
3.8,464,400,64,250000,256000,0,0
3.81,464,400,64,250000,256000,0,0
3.82,463,400,63,250000,252000,0,0
3.83,463,400,63,250000,252000,0,0
3.84,464,400,64,250000,256000,0,0
3.85,464,400,64,250000,256000,0,0
3.86,463,400,63,250000,252000,0,0
3.87,463,400,63,250000,252000,0,0
3.88,464,400,64,250000,256000,0,0
3.89,464,400,64,250000,256000,0,0
3.9,463,400,63,250000,252000,0,0
3.91,463,400,63,250000,252000,0,0
3.92,463,400,63,250000,252000,0,0
3.93,464,400,64,250000,256000,0,0
3.94,463,400,63,250000,252000,0,0
3.95,463,400,63,250000,252000,0,0
3.96,463,400,63,250000,252000,0,0
3.97,464,400,64,250000,256000,0,0
3.98,463,400,63,250000,252000,0,0
3.99,463,400,63,250000,252000,0,0
4.0,462,400,62,248000,248000,0,0
4.01,464,400,64,250000,256000,0,0
4.02,463,400,63,250000,252000,0,0
4.03,463,400,63,250000,252000,0,0
4.04,463,400,63,250000,252000,0,0
4.05,464,400,64,250000,256000,0,0
4.06,463,400,63,250000,252000,0,0
4.07,463,400,63,250000,252000,0,0
4.08,463,400,63,250000,252000,0,0
4.09,464,400,64,250000,256000,0,0
4.1,463,400,63,250000,252000,0,0
4.11,462,400,62,248000,248000,0,0
4.12,463,400,63,250000,252000,0,0
4.13,464,400,64,250000,256000,0,0
4.14,463,400,63,250000,252000,0,0
4.15,463,400,63,250000,252000,0,0
4.16,463,400,63,250000,252000,0,0
4.17,464,400,64,250000,256000,0,0
4.18,463,400,63,250000,252000,0,0
4.19,463,400,63,250000,252000,0,0
4.2,463,400,63,250000,252000,0,0
4.21,464,400,64,250000,256000,0,0
4.22,463,400,63,250000,252000,0,0
4.23,463,400,63,250000,252000,0,0
4.24,463,400,63,250000,252000,0,0
4.25,464,400,64,250000,256000,0,0
4.26,464,400,64,250000,256000,0,0
4.27,463,400,63,250000,252000,0,0
4.28,463,400,63,250000,252000,0,0
4.29,464,400,64,250000,256000,0,0
4.3,463,400,63,250000,252000,0,0
4.31,463,400,63,250000,252000,0,0
4.32,463,400,63,250000,252000,0,0
4.33,464,400,64,250000,256000,0,0
4.34,464,400,64,250000,256000,0,0
4.35,463,400,63,250000,252000,0,0
4.36,463,400,63,250000,252000,0,0
4.37,464,400,64,250000,256000,0,0
4.38,464,400,64,250000,256000,0,0
4.39,463,400,63,250000,252000,0,0
4.4,463,400,63,250000,252000,0,0
4.41,464,400,64,250000,256000,0,0
4.42,464,400,64,250000,256000,0,0
4.43,463,400,63,250000,252000,0,0
4.44,463,400,63,250000,252000,0,0
4.45,464,400,64,250000,256000,0,0
4.46,464,400,64,250000,256000,0,0
4.47,463,400,63,250000,252000,0,0
4.48,463,400,63,250000,252000,0,0
4.49,464,400,64,250000,256000,0,0
4.5,464,400,64,250000,256000,0,0
4.51,463,400,63,250000,252000,0,0
4.52,463,400,63,250000,252000,0,0
4.53,463,400,63,250000,252000,0,0
4.54,464,400,64,250000,256000,0,0
4.55,462,400,62,248000,248000,0,0
4.56,462,400,62,248000,248000,0,0
4.57,463,400,63,250000,252000,0,0
4.58,464,400,64,250000,256000,0,0
4.59,463,400,63,250000,252000,0,0
4.6,461,400,61,244000,244000,0,0
4.61,463,400,63,250000,252000,0,0
4.62,464,400,64,250000,256000,0,0
4.63,463,400,63,250000,252000,0,0
4.64,462,400,62,248000,248000,0,0
4.65,463,400,63,250000,252000,0,0
4.66,464,400,64,250000,256000,0,0
4.67,463,400,63,250000,252000,0,0
4.68,462,400,62,248000,248000,0,0
4.69,463,400,63,250000,252000,0,0
4.7,463,400,63,250000,252000,0,0
4.71,463,400,63,250000,252000,0,0
4.72,462,400,62,248000,248000,0,0
4.73,463,400,63,250000,252000,0,0
4.74,463,400,63,250000,252000,0,0
4.75,463,400,63,250000,252000,0,0
4.76,462,400,62,248000,248000,0,0
4.77,462,400,62,248000,248000,0,0
4.78,464,400,64,250000,256000,0,0
4.79,463,400,63,250000,252000,0,0
4.8,461,400,61,244000,244000,0,0
4.81,463,400,63,250000,252000,0,0
4.82,465,400,65,250000,260000,0,0
4.83,463,400,63,250000,252000,0,0
4.84,461,400,61,244000,244000,0,0
4.85,463,400,63,250000,252000,0,0
4.86,464,400,64,250000,256000,0,0
4.87,463,400,63,250000,252000,0,0
4.88,462,400,62,248000,248000,0,0
4.89,463,400,63,250000,252000,0,0
4.9,463,400,63,250000,252000,0,0
4.91,463,400,63,250000,252000,0,0
4.92,462,400,62,248000,248000,0,0
4.93,463,400,63,250000,252000,0,0
4.94,463,400,63,250000,252000,0,0
4.95,463,400,63,250000,252000,0,0
4.96,462,400,62,248000,248000,0,0
4.97,463,400,63,250000,252000,0,0
4.98,463,400,63,250000,252000,0,0
4.99,463,400,63,250000,252000,0,0
5.0,463,400,63,250000,252000,0,0
5.01,462,400,62,248000,248000,0,0
5.02,463,400,63,250000,252000,0,0
5.03,463,400,63,250000,252000,0,0
5.04,462,400,62,248000,248000,0,0
5.05,462,400,62,248000,248000,0,0
5.06,463,400,63,250000,252000,0,0
5.07,463,400,63,250000,252000,0,0
5.08,462,400,62,248000,248000,0,0
5.09,462,400,62,248000,248000,0,0
5.1,463,400,63,250000,252000,0,0
5.11,463,400,63,250000,252000,0,0
5.12,462,400,62,248000,248000,0,0
5.13,462,400,62,248000,248000,0,0
5.14,463,400,63,250000,252000,0,0
5.15,463,400,63,250000,252000,0,0
5.16,462,400,62,248000,248000,0,0
5.17,461,400,61,244000,244000,0,0
5.18,461,400,61,244000,244000,0,0
5.19,464,400,64,250000,256000,0,0
5.2,462,400,62,248000,248000,0,0
5.21,462,400,62,248000,248000,0,0
5.22,463,400,63,250000,252000,0,0
5.23,463,400,63,250000,252000,0,0
5.24,462,400,62,248000,248000,0,0
5.25,462,400,62,248000,248000,0,0
5.26,463,400,63,250000,252000,0,0
5.27,464,400,64,250000,256000,0,0
5.28,463,400,63,250000,252000,0,0
5.29,462,400,62,248000,248000,0,0
5.3,463,400,63,250000,252000,0,0
5.31,463,400,63,250000,252000,0,0
5.32,462,400,62,248000,248000,0,0
5.33,462,400,62,248000,248000,0,0
5.34,463,400,63,250000,252000,0,0
5.35,463,400,63,250000,252000,0,0
5.36,463,400,63,250000,252000,0,0
5.37,462,400,62,248000,248000,0,0
5.38,461,400,61,244000,244000,0,0
5.39,463,400,63,250000,252000,0,0
5.4,463,400,63,250000,252000,0,0
5.41,462,400,62,248000,248000,0,0
5.42,463,400,63,250000,252000,0,0
5.43,463,400,63,250000,252000,0,0
5.44,462,400,62,248000,248000,0,0
5.45,461,400,61,244000,244000,0,0
5.46,463,400,63,250000,252000,0,0
5.47,463,400,63,250000,252000,0,0
5.48,463,400,63,250000,252000,0,0
5.49,462,400,62,248000,248000,0,0
5.5,463,400,63,250000,252000,0,0
5.51,463,400,63,250000,252000,0,0
5.52,463,400,63,250000,252000,0,0
5.53,462,400,62,248000,248000,0,0
5.54,463,400,63,250000,252000,0,0
5.55,464,400,64,250000,256000,0,0
5.56,463,400,63,250000,252000,0,0
5.57,462,400,62,248000,248000,0,0
5.58,463,400,63,250000,252000,0,0
5.59,464,400,64,250000,256000,0,0
5.6,463,400,63,250000,252000,0,0
5.61,462,400,62,248000,248000,0,0
5.62,463,400,63,250000,252000,0,0
5.63,464,400,64,250000,256000,0,0
5.64,463,400,63,250000,252000,0,0
5.65,463,400,63,250000,252000,0,0
5.66,463,400,63,250000,252000,0,0
5.67,464,400,64,250000,256000,0,0
5.68,463,400,63,250000,252000,0,0
5.69,463,400,63,250000,252000,0,0
5.7,463,400,63,250000,252000,0,0
5.71,464,400,64,250000,256000,0,0
5.72,464,400,64,250000,256000,0,0
5.73,463,400,63,250000,252000,0,0
5.74,462,400,62,248000,248000,0,0
5.75,464,400,64,250000,256000,0,0
5.76,464,400,64,250000,256000,0,0
5.77,463,400,63,250000,252000,0,0
5.78,463,400,63,250000,252000,0,0
5.79,464,400,64,250000,256000,0,0
5.8,464,400,64,250000,256000,0,0
5.81,463,400,63,250000,252000,0,0
5.82,463,400,63,250000,252000,0,0
5.83,464,400,64,250000,256000,0,0
5.84,464,400,64,250000,256000,0,0
5.85,463,400,63,250000,252000,0,0
5.86,462,400,62,248000,248000,0,0
5.87,464,400,64,250000,256000,0,0
5.88,464,400,64,250000,256000,0,0
5.89,463,400,63,250000,252000,0,0
5.9,463,400,63,250000,252000,0,0
5.91,464,400,64,250000,256000,0,0
5.92,464,400,64,250000,256000,0,0
5.93,463,400,63,250000,252000,0,0
5.94,462,400,62,248000,248000,0,0
5.95,464,400,64,250000,256000,0,0
5.96,464,400,64,250000,256000,0,0
5.97,463,400,63,250000,252000,0,0
5.98,463,400,63,250000,252000,0,0
5.99,464,400,64,250000,256000,0,0
6.0,464,400,64,250000,256000,0,0
6.01,463,400,63,250000,252000,0,0
6.02,462,400,62,248000,248000,0,0
6.03,463,400,63,250000,252000,0,0
6.04,464,400,64,250000,256000,0,0
6.05,463,400,63,250000,252000,0,0
6.06,463,400,63,250000,252000,0,0
6.07,463,400,63,250000,252000,0,0
6.08,465,400,65,250000,260000,0,0
6.09,463,400,63,250000,252000,0,0
6.1,462,400,62,248000,248000,0,0
6.11,463,400,63,250000,252000,0,0
6.12,464,400,64,250000,256000,0,0
6.13,463,400,63,250000,252000,0,0
6.14,463,400,63,250000,252000,0,0
6.15,463,400,63,250000,252000,0,0
6.16,464,400,64,250000,256000,0,0
6.17,463,400,63,250000,252000,0,0
6.18,463,400,63,250000,252000,0,0
6.19,463,400,63,250000,252000,0,0
6.2,464,400,64,250000,256000,0,0
6.21,463,400,63,250000,252000,0,0
6.22,462,400,62,248000,248000,0,0
6.23,463,400,63,250000,252000,0,0
6.24,464,400,64,250000,256000,0,0
6.25,463,400,63,250000,252000,0,0
6.26,463,400,63,250000,252000,0,0
6.27,463,400,63,250000,252000,0,0
6.28,464,400,64,250000,256000,0,0
6.29,463,400,63,250000,252000,0,0
6.3,463,400,63,250000,252000,0,0
6.31,463,400,63,250000,252000,0,0
6.32,464,400,64,250000,256000,0,0
6.33,464,400,64,250000,256000,0,0
6.34,462,400,62,248000,248000,0,0
6.35,463,400,63,250000,252000,0,0
6.36,464,400,64,250000,256000,0,0
6.37,464,400,64,250000,256000,0,0
6.38,463,400,63,250000,252000,0,0
6.39,463,400,63,250000,252000,0,0
6.4,464,400,64,250000,256000,0,0
6.41,464,400,64,250000,256000,0,0
6.42,463,400,63,250000,252000,0,0
6.43,463,400,63,250000,252000,0,0
6.44,464,400,64,250000,256000,0,0
6.45,464,400,64,250000,256000,0,0
6.46,463,400,63,250000,252000,0,0
6.47,463,400,63,250000,252000,0,0
6.48,464,400,64,250000,256000,0,0
6.49,463,400,63,250000,252000,0,0
6.5,463,400,63,250000,252000,0,0
6.51,463,400,63,250000,252000,0,0
6.52,464,400,64,250000,256000,0,0
6.53,463,400,63,250000,252000,0,0
6.54,462,400,62,248000,248000,0,0
6.55,462,400,62,248000,248000,0,0
6.56,463,400,63,250000,252000,0,0
6.57,463,400,63,250000,252000,0,0
6.58,463,400,63,250000,252000,0,0
6.59,462,400,62,248000,248000,0,0
6.6,463,400,63,250000,252000,0,0
6.61,463,400,63,250000,252000,0,0
6.62,462,400,62,248000,248000,0,0
6.63,461,400,61,244000,244000,0,0
6.64,463,400,63,250000,252000,0,0
6.65,463,400,63,250000,252000,0,0
6.66,462,400,62,248000,248000,0,0
6.67,462,400,62,248000,248000,0,0
6.68,463,400,63,250000,252000,0,0
6.69,463,400,63,250000,252000,0,0
6.7,462,400,62,248000,248000,0,0
6.71,462,400,62,248000,248000,0,0
6.72,463,400,63,250000,252000,0,0
6.73,464,400,64,250000,256000,0,0
6.74,463,400,63,250000,252000,0,0
6.75,462,400,62,248000,248000,0,0
6.76,463,400,63,250000,252000,0,0
6.77,463,400,63,250000,252000,0,0
6.78,462,400,62,248000,248000,0,0
6.79,462,400,62,248000,248000,0,0
6.8,463,400,63,250000,252000,0,0
6.81,463,400,63,250000,252000,0,0
6.82,463,400,63,250000,252000,0,0
6.83,462,400,62,248000,248000,0,0
6.84,463,400,63,250000,252000,0,0
6.85,464,400,64,250000,256000,0,0
6.86,463,400,63,250000,252000,0,0
6.87,462,400,62,248000,248000,0,0
6.88,463,400,63,250000,252000,0,0
6.89,464,400,64,250000,256000,0,0
6.9,463,400,63,250000,252000,0,0
6.91,461,400,61,244000,244000,0,0
6.92,463,400,63,250000,252000,0,0
6.93,463,400,63,250000,252000,0,0
6.94,463,400,63,250000,252000,0,0
6.95,462,400,62,248000,248000,0,0
6.96,462,400,62,248000,248000,0,0
6.97,463,400,63,250000,252000,0,0
6.98,463,400,63,250000,252000,0,0
6.99,461,400,61,244000,244000,0,0
7.0,463,400,63,250000,252000,0,0
7.01,463,400,63,250000,252000,0,0
7.02,462,400,62,248000,248000,0,0
7.03,462,400,62,248000,248000,0,0
7.04,461,400,61,244000,244000,0,0
7.05,464,400,64,250000,256000,0,0
7.06,463,400,63,250000,252000,0,0
7.07,461,400,61,244000,244000,0,0
7.08,463,400,63,250000,252000,0,0
7.09,463,400,63,250000,252000,0,0
7.1,463,400,63,250000,252000,0,0
7.11,462,400,62,248000,248000,0,0
7.12,462,400,62,248000,248000,0,0
7.13,464,400,64,250000,256000,0,0
7.14,463,400,63,250000,252000,0,0
7.15,462,400,62,248000,248000,0,0
7.16,462,400,62,248000,248000,0,0
7.17,463,400,63,250000,252000,0,0
7.18,463,400,63,250000,252000,0,0
7.19,461,400,61,244000,244000,0,0
7.2,463,400,63,250000,252000,0,0
7.21,463,400,63,250000,252000,0,0
7.22,463,400,63,250000,252000,0,0
7.23,462,400,62,248000,248000,0,0
7.24,463,400,63,250000,252000,0,0
7.25,463,400,63,250000,252000,0,0
7.26,463,400,63,250000,252000,0,0
7.27,462,400,62,248000,248000,0,0
7.28,462,400,62,248000,248000,0,0
7.29,463,400,63,250000,252000,0,0
7.3,463,400,63,250000,252000,0,0
7.31,462,400,62,248000,248000,0,0
7.32,462,400,62,248000,248000,0,0
7.33,463,400,63,250000,252000,0,0
7.34,464,400,64,250000,256000,0,0
7.35,462,400,62,248000,248000,0,0
7.36,462,400,62,248000,248000,0,0
7.37,463,400,63,250000,252000,0,0
7.38,464,400,64,250000,256000,0,0
7.39,462,400,62,248000,248000,0,0
7.4,462,400,62,248000,248000,0,0
7.41,463,400,63,250000,252000,0,0
7.42,463,400,63,250000,252000,0,0
7.43,463,400,63,250000,252000,0,0
7.44,462,400,62,248000,248000,0,0
7.45,463,400,63,250000,252000,0,0
7.46,463,400,63,250000,252000,0,0
7.47,463,400,63,250000,252000,0,0
7.48,461,400,61,244000,244000,0,0
7.49,463,400,63,250000,252000,0,0
7.5,463,400,63,250000,252000,0,0
7.51,463,400,63,250000,252000,0,0
7.52,462,400,62,248000,248000,0,0
7.53,463,400,63,250000,252000,0,0
7.54,464,400,64,250000,256000,0,0
7.55,463,400,63,250000,252000,0,0
7.56,463,400,63,250000,252000,0,0
7.57,463,400,63,250000,252000,0,0
7.58,464,400,64,250000,256000,0,0
7.59,463,400,63,250000,252000,0,0
7.6,463,400,63,250000,252000,0,0
7.61,463,400,63,250000,252000,0,0
7.62,465,400,65,250000,260000,0,0
7.63,464,400,64,250000,256000,0,0
7.64,463,400,63,250000,252000,0,0
7.65,463,400,63,250000,252000,0,0
7.66,464,400,64,250000,256000,0,0
7.67,464,400,64,250000,256000,0,0
7.68,463,400,63,250000,252000,0,0
7.69,463,400,63,250000,252000,0,0
7.7,464,400,64,250000,256000,0,0
7.71,464,400,64,250000,256000,0,0
7.72,463,400,63,250000,252000,0,0
7.73,463,400,63,250000,252000,0,0
7.74,464,400,64,250000,256000,0,0
7.75,464,400,64,250000,256000,0,0
7.76,463,400,63,250000,252000,0,0
7.77,463,400,63,250000,252000,0,0
7.78,464,400,64,250000,256000,0,0
7.79,463,400,63,250000,252000,0,0
7.8,463,400,63,250000,252000,0,0
7.81,463,400,63,250000,252000,0,0
7.82,464,400,64,250000,256000,0,0
7.83,464,400,64,250000,256000,0,0
7.84,463,400,63,250000,252000,0,0
7.85,463,400,63,250000,252000,0,0
7.86,464,400,64,250000,256000,0,0
7.87,464,400,64,250000,256000,0,0
7.88,463,400,63,250000,252000,0,0
7.89,463,400,63,250000,252000,0,0
7.9,464,400,64,250000,256000,0,0
7.91,464,400,64,250000,256000,0,0
7.92,463,400,63,250000,252000,0,0
7.93,463,400,63,250000,252000,0,0
7.94,464,400,64,250000,256000,0,0
7.95,464,400,64,250000,256000,0,0
7.96,463,400,63,250000,252000,0,0
7.97,463,400,63,250000,252000,0,0
7.98,464,400,64,250000,256000,0,0
7.99,464,400,64,250000,256000,0,0
8.0,463,400,63,250000,252000,0,0
8.01,463,400,63,250000,252000,0,0
8.02,463,400,63,250000,252000,0,0
8.03,464,400,64,250000,256000,0,0
8.04,463,400,63,250000,252000,0,0
8.05,463,400,63,250000,252000,0,0
8.06,464,400,64,250000,256000,0,0
8.07,464,400,64,250000,256000,0,0
8.08,463,400,63,250000,252000,0,0
8.09,463,400,63,250000,252000,0,0
8.1,464,400,64,250000,256000,0,0
8.11,464,400,64,250000,256000,0,0
8.12,463,400,63,250000,252000,0,0
8.13,463,400,63,250000,252000,0,0
8.14,463,400,63,250000,252000,0,0
8.15,464,400,64,250000,256000,0,0
8.16,463,400,63,250000,252000,0,0
8.17,463,400,63,250000,252000,0,0
8.18,463,400,63,250000,252000,0,0
8.19,464,400,64,250000,256000,0,0
8.2,463,400,63,250000,252000,0,0
8.21,463,400,63,250000,252000,0,0
8.22,463,400,63,250000,252000,0,0
8.23,464,400,64,250000,256000,0,0
8.24,463,400,63,250000,252000,0,0
8.25,463,400,63,250000,252000,0,0
8.26,463,400,63,250000,252000,0,0
8.27,464,400,64,250000,256000,0,0
8.28,463,400,63,250000,252000,0,0
8.29,463,400,63,250000,252000,0,0
8.3,463,400,63,250000,252000,0,0
8.31,464,400,64,250000,256000,0,0
8.32,463,400,63,250000,252000,0,0
8.33,463,400,63,250000,252000,0,0
8.34,463,400,63,250000,252000,0,0
8.35,464,400,64,250000,256000,0,0
8.36,463,400,63,250000,252000,0,0
8.37,463,400,63,250000,252000,0,0
8.38,463,400,63,250000,252000,0,0
8.39,464,400,64,250000,256000,0,0
8.4,463,400,63,250000,252000,0,0
8.41,462,400,62,248000,248000,0,0
8.42,463,400,63,250000,252000,0,0
8.43,464,400,64,250000,256000,0,0
8.44,466,400,66,250000,264000,0,0
8.45,463,400,63,250000,252000,0,0
8.46,463,400,63,250000,252000,0,0
8.47,464,400,64,250000,256000,0,0
8.48,464,400,64,250000,256000,0,0
8.49,462,400,62,248000,248000,0,0
8.5,463,400,63,250000,252000,0,0
8.51,464,400,64,250000,256000,0,0
8.52,464,400,64,250000,256000,0,0
8.53,463,400,63,250000,252000,0,0
8.54,462,400,62,248000,248000,0,0
8.55,463,400,63,250000,252000,0,0
8.56,463,400,63,250000,252000,0,0
8.57,462,400,62,248000,248000,0,0
8.58,462,400,62,248000,248000,0,0
8.59,463,400,63,250000,252000,0,0
8.6,463,400,63,250000,252000,0,0
8.61,462,400,62,248000,248000,0,0
8.62,462,400,62,248000,248000,0,0
8.63,463,400,63,250000,252000,0,0
8.64,463,400,63,250000,252000,0,0
8.65,462,400,62,248000,248000,0,0
8.66,462,400,62,248000,248000,0,0
8.67,463,400,63,250000,252000,0,0
8.68,464,400,64,250000,256000,0,0
8.69,462,400,62,248000,248000,0,0
8.7,461,400,61,244000,244000,0,0
8.71,463,400,63,250000,252000,0,0
8.72,463,400,63,250000,252000,0,0
8.73,463,400,63,250000,252000,0,0
8.74,462,400,62,248000,248000,0,0
8.75,463,400,63,250000,252000,0,0
8.76,463,400,63,250000,252000,0,0
8.77,463,400,63,250000,252000,0,0
8.78,461,400,61,244000,244000,0,0
8.79,463,400,63,250000,252000,0,0
8.8,463,400,63,250000,252000,0,0
8.81,463,400,63,250000,252000,0,0
8.82,461,400,61,244000,244000,0,0
8.83,463,400,63,250000,252000,0,0
8.84,463,400,63,250000,252000,0,0
8.85,463,400,63,250000,252000,0,0
8.86,462,400,62,248000,248000,0,0
8.87,463,400,63,250000,252000,0,0
8.88,464,400,64,250000,256000,0,0
8.89,463,400,63,250000,252000,0,0
8.9,464,400,64,250000,256000,0,0
8.91,463,400,63,250000,252000,0,0
8.92,463,400,63,250000,252000,0,0
8.93,463,400,63,250000,252000,0,0
8.94,461,400,61,244000,244000,0,0
8.95,463,400,63,250000,252000,0,0
8.96,463,400,63,250000,252000,0,0
8.97,463,400,63,250000,252000,0,0
8.98,462,400,62,248000,248000,0,0
8.99,463,400,63,250000,252000,0,0
9.0,463,400,63,250000,252000,0,0
9.01,463,400,63,250000,252000,0,0
9.02,462,400,62,248000,248000,0,0
9.03,462,400,62,248000,248000,0,0
9.04,463,400,63,250000,252000,0,0
9.05,463,400,63,250000,252000,0,0
9.06,461,400,61,244000,244000,0,0
9.07,463,400,63,250000,252000,0,0
9.08,463,400,63,250000,252000,0,0
9.09,463,400,63,250000,252000,0,0
9.1,462,400,62,248000,248000,0,0
9.11,462,400,62,248000,248000,0,0
9.12,463,400,63,250000,252000,0,0
9.13,463,400,63,250000,252000,0,0
9.14,462,400,62,248000,248000,0,0
9.15,462,400,62,248000,248000,0,0
9.16,463,400,63,250000,252000,0,0
9.17,463,400,63,250000,252000,0,0
9.18,462,400,62,248000,248000,0,0
9.19,462,400,62,248000,248000,0,0
9.2,463,400,63,250000,252000,0,0
9.21,463,400,63,250000,252000,0,0
9.22,462,400,62,248000,248000,0,0
9.23,462,400,62,248000,248000,0,0
9.24,463,400,63,250000,252000,0,0
9.25,463,400,63,250000,252000,0,0
9.26,462,400,62,248000,248000,0,0
9.27,463,400,63,250000,252000,0,0
9.28,463,400,63,250000,252000,0,0
9.29,462,400,62,248000,248000,0,0
9.3,462,400,62,248000,248000,0,0
9.31,462,400,62,248000,248000,0,0
9.32,463,400,63,250000,252000,0,0
9.33,463,400,63,250000,252000,0,0
9.34,463,400,63,250000,252000,0,0
9.35,462,400,62,248000,248000,0,0
9.36,463,400,63,250000,252000,0,0
9.37,463,400,63,250000,252000,0,0
9.38,462,400,62,248000,248000,0,0
9.39,462,400,62,248000,248000,0,0
9.4,463,400,63,250000,252000,0,0
9.41,464,400,64,250000,256000,0,0
9.42,462,400,62,248000,248000,0,0
9.43,462,400,62,248000,248000,0,0
9.44,463,400,63,250000,252000,0,0
9.45,463,400,63,250000,252000,0,0
9.46,463,400,63,250000,252000,0,0
9.47,462,400,62,248000,248000,0,0
9.48,463,400,63,250000,252000,0,0
9.49,463,400,63,250000,252000,0,0
9.5,463,400,63,250000,252000,0,0
9.51,462,400,62,248000,248000,0,0
9.52,463,400,63,250000,252000,0,0
9.53,464,400,64,250000,256000,0,0
9.54,463,400,63,250000,252000,0,0
9.55,462,400,62,248000,248000,0,0
9.56,463,400,63,250000,252000,0,0
9.57,464,400,64,250000,256000,0,0
9.58,463,400,63,250000,252000,0,0
9.59,463,400,63,250000,252000,0,0
9.6,463,400,63,250000,252000,0,0
9.61,464,400,64,250000,256000,0,0
9.62,463,400,63,250000,252000,0,0
9.63,463,400,63,250000,252000,0,0
9.64,463,400,63,250000,252000,0,0
9.65,464,400,64,250000,256000,0,0
9.66,463,400,63,250000,252000,0,0
9.67,463,400,63,250000,252000,0,0
9.68,463,400,63,250000,252000,0,0
9.69,464,400,64,250000,256000,0,0
9.7,463,400,63,250000,252000,0,0
9.71,463,400,63,250000,252000,0,0
9.72,463,400,63,250000,252000,0,0
9.73,464,400,64,250000,256000,0,0
9.74,463,400,63,250000,252000,0,0
9.75,463,400,63,250000,252000,0,0
9.76,463,400,63,250000,252000,0,0
9.77,464,400,64,250000,256000,0,0
9.78,464,400,64,250000,256000,0,0
9.79,462,400,62,248000,248000,0,0
9.8,463,400,63,250000,252000,0,0
9.81,464,400,64,250000,256000,0,0
9.82,463,400,63,250000,252000,0,0
9.83,463,400,63,250000,252000,0,0
9.84,463,400,63,250000,252000,0,0
9.85,464,400,64,250000,256000,0,0
9.86,464,400,64,250000,256000,0,0
9.87,463,400,63,250000,252000,0,0
9.88,463,400,63,250000,252000,0,0
9.89,464,400,64,250000,256000,0,0
9.9,464,400,64,250000,256000,0,0
9.91,463,400,63,250000,252000,0,0
9.92,463,400,63,250000,252000,0,0
9.93,463,400,63,250000,252000,0,0
9.94,464,400,64,250000,256000,0,0
9.95,463,400,63,250000,252000,0,0
9.96,463,400,63,250000,252000,0,0
9.97,464,400,64,250000,256000,0,0
9.98,464,400,64,250000,256000,0,0
9.99,463,400,63,250000,252000,0,0
10.0,462,400,62,248000,248000,0,0
10.01,464,400,64,250000,256000,0,0
10.02,464,400,64,250000,256000,0,0
10.03,463,400,63,250000,252000,0,0
10.04,463,400,63,250000,252000,0,0
10.05,464,400,64,250000,256000,0,0
10.06,464,400,64,250000,256000,0,0
10.07,463,400,63,250000,252000,0,0
10.08,463,400,63,250000,252000,0,0
10.09,464,400,64,250000,256000,0,0
10.1,464,400,64,250000,256000,0,0
10.11,463,400,63,250000,252000,0,0
10.12,463,400,63,250000,252000,0,0
10.13,464,400,64,250000,256000,0,0
10.14,464,400,64,250000,256000,0,0
10.15,463,400,63,250000,252000,0,0
10.16,463,400,63,250000,252000,0,0
10.17,463,400,63,250000,252000,0,0
10.18,464,400,64,250000,256000,0,0
10.19,463,400,63,250000,252000,0,0
10.2,462,400,62,248000,248000,0,0
10.21,463,400,63,250000,252000,0,0
10.22,464,400,64,250000,256000,0,0
10.23,463,400,63,250000,252000,0,0
10.24,462,400,62,248000,248000,0,0
10.25,464,400,64,250000,256000,0,0
10.26,464,400,64,250000,256000,0,0
10.27,463,400,63,250000,252000,0,0
10.28,463,400,63,250000,252000,0,0
10.29,463,400,63,250000,252000,0,0
10.3,465,400,65,250000,260000,0,0
10.31,463,400,63,250000,252000,0,0
10.32,463,400,63,250000,252000,0,0
10.33,463,400,63,250000,252000,0,0
10.34,464,400,64,250000,256000,0,0
10.35,463,400,63,250000,252000,0,0
10.36,463,400,63,250000,252000,0,0
10.37,463,400,63,250000,252000,0,0
10.38,464,400,64,250000,256000,0,0
10.39,463,400,63,250000,252000,0,0
10.4,463,400,63,250000,252000,0,0
10.41,463,400,63,250000,252000,0,0
10.42,465,400,65,250000,260000,0,0
10.43,461,400,61,244000,244000,0,0
10.44,463,400,63,250000,252000,0,0
10.45,463,400,63,250000,252000,0,0
10.46,464,400,64,250000,256000,0,0
10.47,463,400,63,250000,252000,0,0
10.48,462,400,62,248000,248000,0,0
10.49,463,400,63,250000,252000,0,0
10.5,464,400,64,250000,256000,0,0
10.51,464,400,64,250000,256000,0,0
10.52,463,400,63,250000,252000,0,0
10.53,463,400,63,250000,252000,0,0
10.54,463,400,63,250000,252000,0,0
10.55,463,400,63,250000,252000,0,0
10.56,462,400,62,248000,248000,0,0
10.57,460,400,60,240000,240000,0,0
10.58,463,400,63,250000,252000,0,0
10.59,463,400,63,250000,252000,0,0
10.6,461,400,61,244000,244000,0,0
10.61,462,400,62,248000,248000,0,0
10.62,463,400,63,250000,252000,0,0
10.63,463,400,63,250000,252000,0,0
10.64,461,400,61,244000,244000,0,0
10.65,462,400,62,248000,248000,0,0
10.66,463,400,63,250000,252000,0,0
10.67,463,400,63,250000,252000,0,0
10.68,461,400,61,244000,244000,0,0
10.69,462,400,62,248000,248000,0,0
10.7,463,400,63,250000,252000,0,0
10.71,463,400,63,250000,252000,0,0
10.72,463,400,63,250000,252000,0,0
10.73,461,400,61,244000,244000,0,0
10.74,463,400,63,250000,252000,0,0
10.75,463,400,63,250000,252000,0,0
10.76,461,400,61,244000,244000,0,0
10.77,461,400,61,244000,244000,0,0
10.78,463,400,63,250000,252000,0,0
10.79,463,400,63,250000,252000,0,0
10.8,462,400,62,248000,248000,0,0
10.81,461,400,61,244000,244000,0,0
10.82,463,400,63,250000,252000,0,0
10.83,464,400,64,250000,256000,0,0
10.84,463,400,63,250000,252000,0,0
10.85,461,400,61,244000,244000,0,0
10.86,463,400,63,250000,252000,0,0
10.87,463,400,63,250000,252000,0,0
10.88,463,400,63,250000,252000,0,0
10.89,461,400,61,244000,244000,0,0
10.9,463,400,63,250000,252000,0,0
10.91,463,400,63,250000,252000,0,0
10.92,463,400,63,250000,252000,0,0
10.93,461,400,61,244000,244000,0,0
10.94,463,400,63,250000,252000,0,0
10.95,463,400,63,250000,252000,0,0
10.96,463,400,63,250000,252000,0,0
10.97,462,400,62,248000,248000,0,0
10.98,462,400,62,248000,248000,0,0
10.99,463,400,63,250000,252000,0,0
11.0,463,400,63,250000,252000,0,0
11.01,461,400,61,244000,244000,0,0
11.02,462,400,62,248000,248000,0,0
11.03,463,400,63,250000,252000,0,0
11.04,463,400,63,250000,252000,0,0
11.05,462,400,62,248000,248000,0,0
11.06,462,400,62,248000,248000,0,0
11.07,463,400,63,250000,252000,0,0
11.08,463,400,63,250000,252000,0,0
11.09,462,400,62,248000,248000,0,0
11.1,463,400,63,250000,252000,0,0
11.11,463,400,63,250000,252000,0,0
11.12,463,400,63,250000,252000,0,0
11.13,462,400,62,248000,248000,0,0
11.14,463,400,63,250000,252000,0,0
11.15,463,400,63,250000,252000,0,0
11.16,463,400,63,250000,252000,0,0
11.17,461,400,61,244000,244000,0,0
11.18,462,400,62,248000,248000,0,0
11.19,463,400,63,250000,252000,0,0
11.2,463,400,63,250000,252000,0,0
11.21,462,400,62,248000,248000,0,0
11.22,462,400,62,248000,248000,0,0
11.23,463,400,63,250000,252000,0,0
11.24,463,400,63,250000,252000,0,0
11.25,462,400,62,248000,248000,0,0
11.26,462,400,62,248000,248000,0,0
11.27,463,400,63,250000,252000,0,0
11.28,463,400,63,250000,252000,0,0
11.29,462,400,62,248000,248000,0,0
11.3,462,400,62,248000,248000,0,0
11.31,463,400,63,250000,252000,0,0
11.32,463,400,63,250000,252000,0,0
11.33,462,400,62,248000,248000,0,0
11.34,462,400,62,248000,248000,0,0
11.35,463,400,63,250000,252000,0,0
11.36,463,400,63,250000,252000,0,0
11.37,462,400,62,248000,248000,0,0
11.38,462,400,62,248000,248000,0,0
11.39,463,400,63,250000,252000,0,0
11.4,463,400,63,250000,252000,0,0
11.41,462,400,62,248000,248000,0,0
11.42,462,400,62,248000,248000,0,0
11.43,463,400,63,250000,252000,0,0
11.44,464,400,64,250000,256000,0,0
11.45,463,400,63,250000,252000,0,0
11.46,462,400,62,248000,248000,0,0
11.47,463,400,63,250000,252000,0,0
11.48,464,400,64,250000,256000,0,0
11.49,462,400,62,248000,248000,0,0
11.5,462,400,62,248000,248000,0,0
11.51,463,400,63,250000,252000,0,0
11.52,463,400,63,250000,252000,0,0
11.53,462,400,62,248000,248000,0,0
11.54,463,400,63,250000,252000,0,0
11.55,463,400,63,250000,252000,0,0
11.56,464,400,64,250000,256000,0,0
11.57,463,400,63,250000,252000,0,0
11.58,463,400,63,250000,252000,0,0
11.59,463,400,63,250000,252000,0,0
11.6,464,400,64,250000,256000,0,0
11.61,463,400,63,250000,252000,0,0
11.62,463,400,63,250000,252000,0,0
11.63,463,400,63,250000,252000,0,0
11.64,464,400,64,250000,256000,0,0
11.65,463,400,63,250000,252000,0,0
11.66,462,400,62,248000,248000,0,0
11.67,463,400,63,250000,252000,0,0
11.68,464,400,64,250000,256000,0,0
11.69,463,400,63,250000,252000,0,0
11.7,463,400,63,250000,252000,0,0
11.71,463,400,63,250000,252000,0,0
11.72,464,400,64,250000,256000,0,0
11.73,463,400,63,250000,252000,0,0
11.74,463,400,63,250000,252000,0,0
11.75,463,400,63,250000,252000,0,0
11.76,464,400,64,250000,256000,0,0
11.77,463,400,63,250000,252000,0,0
11.78,463,400,63,250000,252000,0,0
11.79,463,400,63,250000,252000,0,0
11.8,464,400,64,250000,256000,0,0
11.81,464,400,64,250000,256000,0,0
11.82,462,400,62,248000,248000,0,0
11.83,463,400,63,250000,252000,0,0
11.84,464,400,64,250000,256000,0,0
11.85,463,400,63,250000,252000,0,0
11.86,463,400,63,250000,252000,0,0
11.87,463,400,63,250000,252000,0,0
11.88,464,400,64,250000,256000,0,0
11.89,464,400,64,250000,256000,0,0
11.9,463,400,63,250000,252000,0,0
11.91,463,400,63,250000,252000,0,0
11.92,464,400,64,250000,256000,0,0
11.93,464,400,64,250000,256000,0,0
11.94,463,400,63,250000,252000,0,0
11.95,463,400,63,250000,252000,0,0
11.96,464,400,64,250000,256000,0,0
11.97,464,400,64,250000,256000,0,0
11.98,463,400,63,250000,252000,0,0
11.99,463,400,63,250000,252000,0,0
12.0,464,400,64,250000,256000,0,0
12.01,464,400,64,250000,256000,0,0
12.02,463,400,63,250000,252000,0,0
12.03,463,400,63,250000,252000,0,0
12.04,464,400,64,250000,256000,0,0
12.05,464,400,64,250000,256000,0,0
12.06,463,400,63,250000,252000,0,0
12.07,463,400,63,250000,252000,0,0
12.08,463,400,63,250000,252000,0,0
12.09,464,400,64,250000,256000,0,0
12.1,463,400,63,250000,252000,0,0
12.11,462,400,62,248000,248000,0,0
12.12,464,400,64,250000,256000,0,0
12.13,464,400,64,250000,256000,0,0
12.14,463,400,63,250000,252000,0,0
12.15,463,400,63,250000,252000,0,0
12.16,462,400,62,248000,248000,0,0
12.17,464,400,64,250000,256000,0,0
12.18,463,400,63,250000,252000,0,0
12.19,463,400,63,250000,252000,0,0
12.2,463,400,63,250000,252000,0,0
12.21,464,400,64,250000,256000,0,0
12.22,463,400,63,250000,252000,0,0
12.23,463,400,63,250000,252000,0,0
12.24,463,400,63,250000,252000,0,0
12.25,464,400,64,250000,256000,0,0
12.26,462,400,62,248000,248000,0,0
12.27,462,400,62,248000,248000,0,0
12.28,463,400,63,250000,252000,0,0
12.29,464,400,64,250000,256000,0,0
12.3,463,400,63,250000,252000,0,0
12.31,462,400,62,248000,248000,0,0
12.32,463,400,63,250000,252000,0,0
12.33,464,400,64,250000,256000,0,0
12.34,463,400,63,250000,252000,0,0
12.35,463,400,63,250000,252000,0,0
12.36,463,400,63,250000,252000,0,0
12.37,464,400,64,250000,256000,0,0
12.38,463,400,63,250000,252000,0,0
12.39,462,400,62,248000,248000,0,0
12.4,463,400,63,250000,252000,0,0
12.41,464,400,64,250000,256000,0,0
12.42,463,400,63,250000,252000,0,0
12.43,463,400,63,250000,252000,0,0
12.44,463,400,63,250000,252000,0,0
12.45,464,400,64,250000,256000,0,0
12.46,464,400,64,250000,256000,0,0
12.47,462,400,62,248000,248000,0,0
12.48,463,400,63,250000,252000,0,0
12.49,464,400,64,250000,256000,0,0
12.5,463,400,63,250000,252000,0,0
12.51,462,400,62,248000,248000,0,0
12.52,463,400,63,250000,252000,0,0
12.53,464,400,64,250000,256000,0,0
12.54,463,400,63,250000,252000,0,0
12.55,462,400,62,248000,248000,0,0
12.56,462,400,62,248000,248000,0,0
12.57,463,400,63,250000,252000,0,0
12.58,463,400,63,250000,252000,0,0
12.59,462,400,62,248000,248000,0,0
12.6,462,400,62,248000,248000,0,0
12.61,463,400,63,250000,252000,0,0
12.62,463,400,63,250000,252000,0,0
12.63,462,400,62,248000,248000,0,0
12.64,462,400,62,248000,248000,0,0
12.65,463,400,63,250000,252000,0,0
12.66,463,400,63,250000,252000,0,0
12.67,461,400,61,244000,244000,0,0
12.68,462,400,62,248000,248000,0,0
12.69,463,400,63,250000,252000,0,0
12.7,463,400,63,250000,252000,0,0
12.71,462,400,62,248000,248000,0,0
12.72,463,400,63,250000,252000,0,0
12.73,463,400,63,250000,252000,0,0
12.74,463,400,63,250000,252000,0,0
12.75,462,400,62,248000,248000,0,0
12.76,462,400,62,248000,248000,0,0
12.77,463,400,63,250000,252000,0,0
12.78,463,400,63,250000,252000,0,0
12.79,462,400,62,248000,248000,0,0
12.8,462,400,62,248000,248000,0,0
12.81,463,400,63,250000,252000,0,0
12.82,463,400,63,250000,252000,0,0
12.83,462,400,62,248000,248000,0,0
12.84,462,400,62,248000,248000,0,0
12.85,463,400,63,250000,252000,0,0
12.86,463,400,63,250000,252000,0,0
12.87,463,400,63,250000,252000,0,0
12.88,462,400,62,248000,248000,0,0
12.89,463,400,63,250000,252000,0,0
12.9,463,400,63,250000,252000,0,0
12.91,462,400,62,248000,248000,0,0
12.92,462,400,62,248000,248000,0,0
12.93,463,400,63,250000,252000,0,0
12.94,463,400,63,250000,252000,0,0
12.95,463,400,63,250000,252000,0,0
12.96,461,400,61,244000,244000,0,0
12.97,463,400,63,250000,252000,0,0
12.98,465,400,65,250000,260000,0,0
12.99,463,400,63,250000,252000,0,0
13.0,462,400,62,248000,248000,0,0
13.01,463,400,63,250000,252000,0,0
13.02,463,400,63,250000,252000,0,0
13.03,463,400,63,250000,252000,0,0
13.04,461,400,61,244000,244000,0,0
13.05,463,400,63,250000,252000,0,0
13.06,464,400,64,250000,256000,0,0
13.07,463,400,63,250000,252000,0,0
13.08,461,400,61,244000,244000,0,0
13.09,461,400,61,244000,244000,0,0
13.1,463,400,63,250000,252000,0,0
13.11,463,400,63,250000,252000,0,0
13.12,461,400,61,244000,244000,0,0
13.13,463,400,63,250000,252000,0,0
13.14,463,400,63,250000,252000,0,0
13.15,463,400,63,250000,252000,0,0
13.16,461,400,61,244000,244000,0,0
13.17,462,400,62,248000,248000,0,0
13.18,463,400,63,250000,252000,0,0
13.19,463,400,63,250000,252000,0,0
13.2,462,400,62,248000,248000,0,0
13.21,462,400,62,248000,248000,0,0
13.22,463,400,63,250000,252000,0,0
13.23,463,400,63,250000,252000,0,0
13.24,462,400,62,248000,248000,0,0
13.25,462,400,62,248000,248000,0,0
13.26,463,400,63,250000,252000,0,0
13.27,463,400,63,250000,252000,0,0
13.28,462,400,62,248000,248000,0,0
13.29,462,400,62,248000,248000,0,0
13.3,464,400,64,250000,256000,0,0
13.31,463,400,63,250000,252000,0,0
13.32,462,400,62,248000,248000,0,0
13.33,462,400,62,248000,248000,0,0
13.34,463,400,63,250000,252000,0,0
13.35,463,400,63,250000,252000,0,0
13.36,462,400,62,248000,248000,0,0
13.37,462,400,62,248000,248000,0,0
13.38,463,400,63,250000,252000,0,0
13.39,463,400,63,250000,252000,0,0
13.4,462,400,62,248000,248000,0,0
13.41,462,400,62,248000,248000,0,0
13.42,463,400,63,250000,252000,0,0
13.43,463,400,63,250000,252000,0,0
13.44,462,400,62,248000,248000,0,0
13.45,462,400,62,248000,248000,0,0
13.46,463,400,63,250000,252000,0,0
13.47,464,400,64,250000,256000,0,0
13.48,462,400,62,248000,248000,0,0
13.49,462,400,62,248000,248000,0,0
13.5,463,400,63,250000,252000,0,0
13.51,463,400,63,250000,252000,0,0
13.52,462,400,62,248000,248000,0,0
13.53,461,400,61,244000,244000,0,0
13.54,464,400,64,250000,256000,0,0
13.55,463,400,63,250000,252000,0,0
13.56,464,400,64,250000,256000,0,0
13.57,463,400,63,250000,252000,0,0
13.58,464,400,64,250000,256000,0,0
13.59,464,400,64,250000,256000,0,0
13.6,463,400,63,250000,252000,0,0
13.61,463,400,63,250000,252000,0,0
13.62,463,400,63,250000,252000,0,0
13.63,464,400,64,250000,256000,0,0
13.64,463,400,63,250000,252000,0,0
13.65,463,400,63,250000,252000,0,0
13.66,463,400,63,250000,252000,0,0
13.67,464,400,64,250000,256000,0,0
13.68,463,400,63,250000,252000,0,0
13.69,462,400,62,248000,248000,0,0
13.7,463,400,63,250000,252000,0,0
13.71,464,400,64,250000,256000,0,0
13.72,463,400,63,250000,252000,0,0
13.73,463,400,63,250000,252000,0,0
13.74,463,400,63,250000,252000,0,0
13.75,464,400,64,250000,256000,0,0
13.76,463,400,63,250000,252000,0,0
13.77,463,400,63,250000,252000,0,0
13.78,463,400,63,250000,252000,0,0
13.79,464,400,64,250000,256000,0,0
13.8,463,400,63,250000,252000,0,0
13.81,463,400,63,250000,252000,0,0
13.82,463,400,63,250000,252000,0,0
13.83,464,400,64,250000,256000,0,0
13.84,463,400,63,250000,252000,0,0
13.85,463,400,63,250000,252000,0,0
13.86,463,400,63,250000,252000,0,0
13.87,464,400,64,250000,256000,0,0
13.88,464,400,64,250000,256000,0,0
13.89,462,400,62,248000,248000,0,0
13.9,463,400,63,250000,252000,0,0
13.91,464,400,64,250000,256000,0,0
13.92,464,400,64,250000,256000,0,0
13.93,463,400,63,250000,252000,0,0
13.94,461,400,61,244000,244000,0,0
13.95,464,400,64,250000,256000,0,0
13.96,464,400,64,250000,256000,0,0
13.97,463,400,63,250000,252000,0,0
13.98,463,400,63,250000,252000,0,0
13.99,464,400,64,250000,256000,0,0
14.0,463,400,63,250000,252000,0,0
14.01,463,400,63,250000,252000,0,0
14.02,463,400,63,250000,252000,0,0
14.03,464,400,64,250000,256000,0,0
14.04,464,400,64,250000,256000,0,0
14.05,463,400,63,250000,252000,0,0
14.06,463,400,63,250000,252000,0,0
14.07,464,400,64,250000,256000,0,0
14.08,464,400,64,250000,256000,0,0
14.09,463,400,63,250000,252000,0,0
14.1,462,400,62,248000,248000,0,0
14.11,464,400,64,250000,256000,0,0
14.12,464,400,64,250000,256000,0,0
14.13,463,400,63,250000,252000,0,0
14.14,463,400,63,250000,252000,0,0
14.15,464,400,64,250000,256000,0,0
14.16,464,400,64,250000,256000,0,0
14.17,463,400,63,250000,252000,0,0
14.18,463,400,63,250000,252000,0,0
14.19,464,400,64,250000,256000,0,0
14.2,464,400,64,250000,256000,0,0
14.21,463,400,63,250000,252000,0,0
14.22,463,400,63,250000,252000,0,0
14.23,464,400,64,250000,256000,0,0
14.24,464,400,64,250000,256000,0,0
14.25,463,400,63,250000,252000,0,0
14.26,462,400,62,248000,248000,0,0
14.27,463,400,63,250000,252000,0,0
14.28,464,400,64,250000,256000,0,0
14.29,463,400,63,250000,252000,0,0
14.3,463,400,63,250000,252000,0,0
14.31,463,400,63,250000,252000,0,0
14.32,464,400,64,250000,256000,0,0
14.33,463,400,63,250000,252000,0,0
14.34,463,400,63,250000,252000,0,0
14.35,464,400,64,250000,256000,0,0
14.36,464,400,64,250000,256000,0,0
14.37,463,400,63,250000,252000,0,0
14.38,463,400,63,250000,252000,0,0
14.39,463,400,63,250000,252000,0,0
14.4,464,400,64,250000,256000,0,0
14.41,463,400,63,250000,252000,0,0
14.42,463,400,63,250000,252000,0,0
14.43,463,400,63,250000,252000,0,0
14.44,464,400,64,250000,256000,0,0
14.45,463,400,63,250000,252000,0,0
14.46,463,400,63,250000,252000,0,0
14.47,463,400,63,250000,252000,0,0
14.48,464,400,64,250000,256000,0,0
14.49,463,400,63,250000,252000,0,0
14.5,462,400,62,248000,248000,0,0
14.51,463,400,63,250000,252000,0,0
14.52,464,400,64,250000,256000,0,0
14.53,464,400,64,250000,256000,0,0
14.54,462,400,62,248000,248000,0,0
14.55,463,400,63,250000,252000,0,0
14.56,463,400,63,250000,252000,0,0
14.57,463,400,63,250000,252000,0,0
14.58,461,400,61,244000,244000,0,0
14.59,462,400,62,248000,248000,0,0
14.6,463,400,63,250000,252000,0,0
14.61,463,400,63,250000,252000,0,0
14.62,462,400,62,248000,248000,0,0
14.63,463,400,63,250000,252000,0,0
14.64,463,400,63,250000,252000,0,0
14.65,463,400,63,250000,252000,0,0
14.66,462,400,62,248000,248000,0,0
14.67,462,400,62,248000,248000,0,0
14.68,463,400,63,250000,252000,0,0
14.69,463,400,63,250000,252000,0,0
14.7,462,400,62,248000,248000,0,0
14.71,462,400,62,248000,248000,0,0
14.72,463,400,63,250000,252000,0,0
14.73,463,400,63,250000,252000,0,0
14.74,462,400,62,248000,248000,0,0
14.75,462,400,62,248000,248000,0,0
14.76,463,400,63,250000,252000,0,0
14.77,463,400,63,250000,252000,0,0
14.78,462,400,62,248000,248000,0,0
14.79,461,400,61,244000,244000,0,0
14.8,463,400,63,250000,252000,0,0
14.81,463,400,63,250000,252000,0,0
14.82,462,400,62,248000,248000,0,0
14.83,462,400,62,248000,248000,0,0
14.84,463,400,63,250000,252000,0,0
14.85,463,400,63,250000,252000,0,0
14.86,463,400,63,250000,252000,0,0
14.87,462,400,62,248000,248000,0,0
14.88,463,400,63,250000,252000,0,0
14.89,463,400,63,250000,252000,0,0
14.9,462,400,62,248000,248000,0,0
14.91,462,400,62,248000,248000,0,0
14.92,463,400,63,250000,252000,0,0
14.93,463,400,63,250000,252000,0,0
14.94,463,400,63,250000,252000,0,0
14.95,461,400,61,244000,244000,0,0
14.96,463,400,63,250000,252000,0,0
14.97,463,400,63,250000,252000,0,0
14.98,463,400,63,250000,252000,0,0
14.99,462,400,62,248000,248000,0,0
15.0,463,400,63,250000,252000,0,0
15.01,463,400,63,250000,252000,0,0
15.02,463,400,63,250000,252000,0,0
15.03,461,400,61,244000,244000,0,0
15.04,463,400,63,250000,252000,0,0
15.05,463,400,63,250000,252000,0,0
15.06,463,400,63,250000,252000,0,0
15.07,462,400,62,248000,248000,0,0
15.08,463,400,63,250000,252000,0,0
15.09,463,400,63,250000,252000,0,0
15.1,463,400,63,250000,252000,0,0
15.11,462,400,62,248000,248000,0,0
15.12,463,400,63,250000,252000,0,0
15.13,463,400,63,250000,252000,0,0
15.14,463,400,63,250000,252000,0,0
15.15,462,400,62,248000,248000,0,0
15.16,463,400,63,250000,252000,0,0
15.17,463,400,63,250000,252000,0,0
15.18,463,400,63,250000,252000,0,0
15.19,462,400,62,248000,248000,0,0
15.2,462,400,62,248000,248000,0,0
15.21,463,400,63,250000,252000,0,0
15.22,463,400,63,250000,252000,0,0
15.23,461,400,61,244000,244000,0,0
15.24,463,400,63,250000,252000,0,0
15.25,464,400,64,250000,256000,0,0
15.26,463,400,63,250000,252000,0,0
15.27,463,400,63,250000,252000,0,0
15.28,462,400,62,248000,248000,0,0
15.29,463,400,63,250000,252000,0,0
15.3,463,400,63,250000,252000,0,0
15.31,462,400,62,248000,248000,0,0
15.32,462,400,62,248000,248000,0,0
15.33,463,400,63,250000,252000,0,0
15.34,463,400,63,250000,252000,0,0
15.35,462,400,62,248000,248000,0,0
15.36,462,400,62,248000,248000,0,0
15.37,463,400,63,250000,252000,0,0
15.38,463,400,63,250000,252000,0,0
15.39,462,400,62,248000,248000,0,0
15.4,463,400,63,250000,252000,0,0
15.41,463,400,63,250000,252000,0,0
15.42,463,400,63,250000,252000,0,0
15.43,461,400,61,244000,244000,0,0
15.44,462,400,62,248000,248000,0,0
15.45,463,400,63,250000,252000,0,0
15.46,464,400,64,250000,256000,0,0
15.47,462,400,62,248000,248000,0,0
15.48,463,400,63,250000,252000,0,0
15.49,463,400,63,250000,252000,0,0
15.5,463,400,63,250000,252000,0,0
15.51,463,400,63,250000,252000,0,0
15.52,462,400,62,248000,248000,0,0
15.53,463,400,63,250000,252000,0,0
15.54,463,400,63,250000,252000,0,0
15.55,463,400,63,250000,252000,0,0
15.56,463,400,63,250000,252000,0,0
15.57,464,400,64,250000,256000,0,0
15.58,464,400,64,250000,256000,0,0
15.59,463,400,63,250000,252000,0,0
15.6,462,400,62,248000,248000,0,0
15.61,463,400,63,250000,252000,0,0
15.62,464,400,64,250000,256000,0,0
15.63,463,400,63,250000,252000,0,0
15.64,463,400,63,250000,252000,0,0
15.65,463,400,63,250000,252000,0,0
15.66,464,400,64,250000,256000,0,0
15.67,463,400,63,250000,252000,0,0
15.68,463,400,63,250000,252000,0,0
15.69,463,400,63,250000,252000,0,0
15.7,464,400,64,250000,256000,0,0
15.71,463,400,63,250000,252000,0,0
15.72,463,400,63,250000,252000,0,0
15.73,463,400,63,250000,252000,0,0
15.74,464,400,64,250000,256000,0,0
15.75,463,400,63,250000,252000,0,0
15.76,463,400,63,250000,252000,0,0
15.77,463,400,63,250000,252000,0,0
15.78,465,400,65,250000,260000,0,0
15.79,464,400,64,250000,256000,0,0
15.8,463,400,63,250000,252000,0,0
15.81,463,400,63,250000,252000,0,0
15.82,464,400,64,250000,256000,0,0
15.83,463,400,63,250000,252000,0,0
15.84,462,400,62,248000,248000,0,0
15.85,463,400,63,250000,252000,0,0
15.86,464,400,64,250000,256000,0,0
15.87,464,400,64,250000,256000,0,0
15.88,463,400,63,250000,252000,0,0
15.89,463,400,63,250000,252000,0,0
15.9,464,400,64,250000,256000,0,0
15.91,463,400,63,250000,252000,0,0
15.92,463,400,63,250000,252000,0,0
15.93,463,400,63,250000,252000,0,0
15.94,464,400,64,250000,256000,0,0
15.95,464,400,64,250000,256000,0,0
15.96,463,400,63,250000,252000,0,0
15.97,463,400,63,250000,252000,0,0
15.98,464,400,64,250000,256000,0,0
15.99,463,400,63,250000,252000,0,0
16.0,463,400,63,250000,252000,0,0
16.01,463,400,63,250000,252000,0,0
16.02,464,400,64,250000,256000,0,0
16.03,463,400,63,250000,252000,0,0
16.04,463,400,63,250000,252000,0,0
16.05,463,400,63,250000,252000,0,0
16.06,464,400,64,250000,256000,0,0
16.07,464,400,64,250000,256000,0,0
16.08,463,400,63,250000,252000,0,0
16.09,463,400,63,250000,252000,0,0
16.1,464,400,64,250000,256000,0,0
16.11,464,400,64,250000,256000,0,0
16.12,463,400,63,250000,252000,0,0
16.13,463,400,63,250000,252000,0,0
16.14,464,400,64,250000,256000,0,0
16.15,464,400,64,250000,256000,0,0
16.16,463,400,63,250000,252000,0,0
16.17,463,400,63,250000,252000,0,0
16.18,463,400,63,250000,252000,0,0
16.19,463,400,63,250000,252000,0,0
16.2,463,400,63,250000,252000,0,0
16.21,463,400,63,250000,252000,0,0
16.22,464,400,64,250000,256000,0,0
16.23,464,400,64,250000,256000,0,0
16.24,463,400,63,250000,252000,0,0
16.25,463,400,63,250000,252000,0,0
16.26,464,400,64,250000,256000,0,0
16.27,464,400,64,250000,256000,0,0
16.28,463,400,63,250000,252000,0,0
16.29,463,400,63,250000,252000,0,0
16.3,463,400,63,250000,252000,0,0
16.31,464,400,64,250000,256000,0,0
16.32,463,400,63,250000,252000,0,0
16.33,463,400,63,250000,252000,0,0
16.34,463,400,63,250000,252000,0,0
16.35,464,400,64,250000,256000,0,0
16.36,463,400,63,250000,252000,0,0
16.37,463,400,63,250000,252000,0,0
16.38,463,400,63,250000,252000,0,0
16.39,464,400,64,250000,256000,0,0
16.4,463,400,63,250000,252000,0,0
16.41,462,400,62,248000,248000,0,0
16.42,463,400,63,250000,252000,0,0
16.43,464,400,64,250000,256000,0,0
16.44,463,400,63,250000,252000,0,0
16.45,463,400,63,250000,252000,0,0
16.46,463,400,63,250000,252000,0,0
16.47,464,400,64,250000,256000,0,0
16.48,463,400,63,250000,252000,0,0
16.49,463,400,63,250000,252000,0,0
16.5,463,400,63,250000,252000,0,0
16.51,464,400,64,250000,256000,0,0
16.52,463,400,63,250000,252000,0,0
16.53,462,400,62,248000,248000,0,0
