0.0,357,350,-7,-36697,-36470,-227,0
0.01,345,350,5,25758,26050,-292,0
0.02,341,350,9,47053,46890,163,0
0.03,344,350,6,31911,31260,651,0
0.04,341,350,9,48029,46890,1139,0
0.05,344,350,6,32887,31260,1627,0
0.06,343,350,7,38520,36470,2050,0
0.07,342,350,8,44218,41680,2538,0
0.08,343,350,7,39496,36470,3026,0
0.09,342,350,8,45194,41680,3514,0
0.1,344,350,6,35229,31260,3969,0
0.11,342,350,8,46104,41680,4424,0
0.12,342,350,8,46624,41680,4944,0
0.13,343,350,7,41902,36470,5432,0
0.14,342,350,8,47600,41680,5920,0
0.15,344,350,6,37635,31260,6375,0
0.16,345,350,5,32783,26050,6733,0
0.17,348,350,2,17380,10420,6960,0
0.18,347,350,3,22752,15630,7122,0
0.19,346,350,4,28189,20840,7349,0
0.2,347,350,3,23206,15630,7576,0
0.21,346,350,4,28643,20840,7803,0
0.22,348,350,2,18418,10420,7998,0
0.23,347,350,3,23790,15630,8160,0
0.24,349,350,1,13500,5210,8290,0
0.25,352,350,-2,-2162,-10420,8258,0
0.26,350,350,0,8258,0,8258,0
0.27,351,350,-1,3016,-5210,8226,0
0.28,350,350,0,8226,0,8226,0
0.29,350,350,0,8226,0,8226,0
0.3,351,350,-1,2984,-5210,8194,0
0.31,350,350,0,8194,0,8194,0
0.32,350,350,0,8194,0,8194,0
0.33,350,350,0,8194,0,8194,0
0.34,351,350,-1,2952,-5210,8162,0
0.35,351,350,-1,2887,-5210,8097,0
0.36,349,350,1,13307,5210,8097,0
0.37,350,350,0,8097,0,8097,0
0.38,351,350,-1,2855,-5210,8065,0
0.39,350,350,0,8065,0,8065,0
0.4,350,350,0,8065,0,8065,0
0.41,350,350,0,8065,0,8065,0
0.42,351,350,-1,2823,-5210,8033,0
0.43,350,350,0,8033,0,8033,0
0.44,350,350,0,8033,0,8033,0
0.45,350,350,0,8033,0,8033,0
0.46,351,350,-1,2791,-5210,8001,0
0.47,351,350,-1,2726,-5210,7936,0
0.48,352,350,-2,-2581,-10420,7839,0
0.49,355,350,-5,-18438,-26050,7612,0
0.5,355,350,-5,-18763,-26050,7287,0
0.51,354,350,-4,-13846,-20840,6994,0
0.52,352,350,-2,-3621,-10420,6799,0
0.53,349,350,1,11977,5210,6767,0
0.54,350,350,0,6767,0,6767,0
0.55,351,350,-1,1525,-5210,6735,0
0.56,351,350,-1,1460,-5210,6670,0
0.57,355,350,-5,-19575,-26050,6475,0
0.58,354,350,-4,-14658,-20840,6182,0
0.59,353,350,-3,-9675,-15630,5955,0
0.6,352,350,-2,-4627,-10420,5793,0
0.61,349,350,1,10971,5210,5761,0
0.62,350,350,0,5761,0,5761,0
0.63,351,350,-1,519,-5210,5729,0
0.64,351,350,-1,454,-5210,5664,0
0.65,354,350,-4,-15338,-20840,5502,0
0.66,355,350,-5,-20841,-26050,5209,0
0.67,353,350,-3,-10681,-15630,4949,0
0.68,352,350,-2,-5633,-10420,4787,0
0.69,349,350,1,9965,5210,4755,0
0.7,350,350,0,4755,0,4755,0
0.71,351,350,-1,-487,-5210,4723,0
0.72,351,350,-1,-552,-5210,4658,0
0.73,353,350,-3,-11102,-15630,4528,0
0.74,355,350,-5,-21782,-26050,4268,0
0.75,353,350,-3,-11622,-15630,4008,0
0.76,353,350,-3,-11817,-15630,3813,0
0.77,350,350,0,3813,0,3813,0
0.78,349,350,1,9055,5210,3845,0
0.79,351,350,-1,-1365,-5210,3845,0
0.8,350,350,0,3845,0,3845,0
0.81,349,350,1,9087,5210,3877,0
0.82,350,350,0,3877,0,3877,0
0.83,350,350,0,3877,0,3877,0
0.84,350,350,0,3877,0,3877,0
0.85,349,350,1,9119,5210,3909,0
0.86,350,350,0,3909,0,3909,0
0.87,350,350,0,3909,0,3909,0
0.88,350,350,0,3909,0,3909,0
0.89,350,350,0,3909,0,3909,0
0.9,350,350,0,3909,0,3909,0
0.91,350,350,0,3909,0,3909,0
0.92,350,350,0,3909,0,3909,0
0.93,349,350,1,9151,5210,3941,0
0.94,350,350,0,3941,0,3941,0
0.95,350,350,0,3941,0,3941,0
0.96,350,350,0,3941,0,3941,0
0.97,350,350,0,3941,0,3941,0
0.98,350,350,0,3941,0,3941,0
0.99,350,350,0,3941,0,3941,0
1.0,350,350,0,3941,0,3941,0
1.01,350,350,0,3941,0,3941,0
1.02,350,350,0,3941,0,3941,0
1.03,351,350,-1,-1301,-5210,3909,0
1.04,350,350,0,3909,0,3909,0
1.05,349,350,1,9151,5210,3941,0
1.06,350,350,0,3941,0,3941,0
1.07,350,350,0,3941,0,3941,0
1.08,350,350,0,3941,0,3941,0
1.09,349,350,1,9183,5210,3973,0
1.1,350,350,0,3973,0,3973,0
1.11,351,350,-1,-1269,-5210,3941,0
1.12,350,350,0,3941,0,3941,0
1.13,350,350,0,3941,0,3941,0
1.14,350,350,0,3941,0,3941,0
1.15,350,350,0,3941,0,3941,0
1.16,350,350,0,3941,0,3941,0
1.17,350,350,0,3941,0,3941,0
1.18,350,350,0,3941,0,3941,0
1.19,350,350,0,3941,0,3941,0
1.2,350,350,0,3941,0,3941,0
1.21,349,350,1,9183,5210,3973,0
1.22,350,350,0,3973,0,3973,0
1.23,350,350,0,3973,0,3973,0
1.24,350,350,0,3973,0,3973,0
1.25,350,350,0,3973,0,3973,0
1.26,350,350,0,3973,0,3973,0
1.27,350,350,0,3973,0,3973,0
1.28,350,350,0,3973,0,3973,0
1.29,350,350,0,3973,0,3973,0
1.3,350,350,0,3973,0,3973,0
1.31,350,350,0,3973,0,3973,0
1.32,350,350,0,3973,0,3973,0
1.33,350,350,0,3973,0,3973,0
1.34,350,350,0,3973,0,3973,0
1.35,350,350,0,3973,0,3973,0
1.36,350,350,0,3973,0,3973,0
1.37,350,350,0,3973,0,3973,0
1.38,350,350,0,3973,0,3973,0
1.39,350,350,0,3973,0,3973,0
1.4,350,350,0,3973,0,3973,0
1.41,350,350,0,3973,0,3973,0
1.42,349,350,1,9215,5210,4005,0
1.43,350,350,0,4005,0,4005,0
1.44,350,350,0,4005,0,4005,0
1.45,350,350,0,4005,0,4005,0
1.46,350,350,0,4005,0,4005,0
1.47,351,350,-1,-1237,-5210,3973,0
1.48,350,350,0,3973,0,3973,0
1.49,350,350,0,3973,0,3973,0
1.5,349,350,1,9215,5210,4005,0
1.51,350,350,0,4005,0,4005,0
1.52,351,350,-1,-1237,-5210,3973,0
1.53,350,350,0,3973,0,3973,0
1.54,350,350,0,3973,0,3973,0
1.55,350,350,0,3973,0,3973,0
1.56,351,350,-1,-1269,-5210,3941,0
1.57,350,350,0,3941,0,3941,0
1.58,350,350,0,3941,0,3941,0
1.59,350,350,0,3941,0,3941,0
1.6,351,350,-1,-1301,-5210,3909,0
1.61,351,350,-1,-1366,-5210,3844,0
1.62,350,350,0,3844,0,3844,0
1.63,350,350,0,3844,0,3844,0
1.64,351,350,-1,-1398,-5210,3812,0
1.65,350,350,0,3812,0,3812,0
1.66,350,350,0,3812,0,3812,0
1.67,350,350,0,3812,0,3812,0
1.68,351,350,-1,-1430,-5210,3780,0
1.69,350,350,0,3780,0,3780,0
1.7,352,350,-2,-6705,-10420,3715,0
1.71,350,350,0,3715,0,3715,0
1.72,351,350,-1,-1527,-5210,3683,0
1.73,350,350,0,3683,0,3683,0
1.74,350,350,0,3683,0,3683,0
1.75,350,350,0,3683,0,3683,0
1.76,351,350,-1,-1559,-5210,3651,0
1.77,351,350,-1,-1624,-5210,3586,0
1.78,349,350,1,8796,5210,3586,0
1.79,350,350,0,3586,0,3586,0
1.8,351,350,-1,-1656,-5210,3554,0
1.81,351,350,-1,-1721,-5210,3489,0
1.82,350,350,0,3489,0,3489,0
1.83,350,350,0,3489,0,3489,0
1.84,351,350,-1,-1753,-5210,3457,0
1.85,351,350,-1,-1818,-5210,3392,0
1.86,350,350,0,3392,0,3392,0
1.87,350,350,0,3392,0,3392,0
1.88,351,350,-1,-1850,-5210,3360,0
1.89,351,350,-1,-1915,-5210,3295,0
1.9,350,350,0,3295,0,3295,0
1.91,350,350,0,3295,0,3295,0
1.92,351,350,-1,-1947,-5210,3263,0
1.93,351,350,-1,-2012,-5210,3198,0
1.94,350,350,0,3198,0,3198,0
1.95,350,350,0,3198,0,3198,0
1.96,351,350,-1,-2044,-5210,3166,0
1.97,351,350,-1,-2109,-5210,3101,0
1.98,350,350,0,3101,0,3101,0
1.99,350,350,0,3101,0,3101,0
2.0,351,350,-1,-2141,-5210,3069,0
2.01,351,350,-1,-2206,-5210,3004,0
2.02,350,350,0,3004,0,3004,0
2.03,350,350,0,3004,0,3004,0
2.04,351,350,-1,-2238,-5210,2972,0
2.05,351,350,-1,-2303,-5210,2907,0
2.06,350,350,0,2907,0,2907,0
2.07,350,350,0,2907,0,2907,0
2.08,351,350,-1,-2335,-5210,2875,0
2.09,351,350,-1,-2400,-5210,2810,0
2.1,350,350,0,2810,0,2810,0
2.11,350,350,0,2810,0,2810,0
2.12,351,350,-1,-2432,-5210,2778,0
2.13,351,350,-1,-2497,-5210,2713,0
2.14,350,350,0,2713,0,2713,0
2.15,350,350,0,2713,0,2713,0
2.16,350,350,0,2713,0,2713,0
2.17,351,350,-1,-2529,-5210,2681,0
2.18,350,350,0,2681,0,2681,0
2.19,350,350,0,2681,0,2681,0
2.2,350,350,0,2681,0,2681,0
2.21,351,350,-1,-2561,-5210,2649,0
2.22,350,350,0,2649,0,2649,0
2.23,350,350,0,2649,0,2649,0
2.24,350,350,0,2649,0,2649,0
2.25,351,350,-1,-2593,-5210,2617,0
2.26,351,350,-1,-2658,-5210,2552,0
2.27,350,350,0,2552,0,2552,0
2.28,351,350,-1,-2690,-5210,2520,0
2.29,351,350,-1,-2755,-5210,2455,0
2.3,350,350,0,2455,0,2455,0
2.31,350,350,0,2455,0,2455,0
2.32,350,350,0,2455,0,2455,0
2.33,351,350,-1,-2787,-5210,2423,0
2.34,352,350,-2,-8094,-10420,2326,0
2.35,349,350,1,7504,5210,2294,0
2.36,350,350,0,2294,0,2294,0
2.37,351,350,-1,-2948,-5210,2262,0
2.38,350,350,0,2262,0,2262,0
2.39,350,350,0,2262,0,2262,0
2.4,350,350,0,2262,0,2262,0
2.41,351,350,-1,-2980,-5210,2230,0
2.42,351,350,-1,-3045,-5210,2165,0
2.43,350,350,0,2165,0,2165,0
2.44,350,350,0,2165,0,2165,0
2.45,351,350,-1,-3077,-5210,2133,0
2.46,351,350,-1,-3142,-5210,2068,0
2.47,350,350,0,2068,0,2068,0
2.48,350,350,0,2068,0,2068,0
2.49,351,350,-1,-3174,-5210,2036,0
2.5,351,350,-1,-3239,-5210,1971,0
2.51,350,350,0,1971,0,1971,0
2.52,350,350,0,1971,0,1971,0
2.53,350,350,0,1971,0,1971,0
2.54,350,350,0,1971,0,1971,0
2.55,350,350,0,1971,0,1971,0
2.56,350,350,0,1971,0,1971,0
2.57,350,350,0,1971,0,1971,0
2.58,350,350,0,1971,0,1971,0
2.59,350,350,0,1971,0,1971,0
2.6,350,350,0,1971,0,1971,0
2.61,350,350,0,1971,0,1971,0
2.62,350,350,0,1971,0,1971,0
2.63,350,350,0,1971,0,1971,0
2.64,349,350,1,7213,5210,2003,0
2.65,350,350,0,2003,0,2003,0
2.66,350,350,0,2003,0,2003,0
2.67,350,350,0,2003,0,2003,0
2.68,350,350,0,2003,0,2003,0
2.69,350,350,0,2003,0,2003,0
2.7,350,350,0,2003,0,2003,0
2.71,350,350,0,2003,0,2003,0
2.72,350,350,0,2003,0,2003,0
2.73,350,350,0,2003,0,2003,0
2.74,350,350,0,2003,0,2003,0
2.75,350,350,0,2003,0,2003,0
2.76,350,350,0,2003,0,2003,0
2.77,350,350,0,2003,0,2003,0
2.78,350,350,0,2003,0,2003,0
2.79,350,350,0,2003,0,2003,0
2.8,350,350,0,2003,0,2003,0
2.81,350,350,0,2003,0,2003,0
2.82,350,350,0,2003,0,2003,0
2.83,350,350,0,2003,0,2003,0
2.84,350,350,0,2003,0,2003,0
2.85,350,350,0,2003,0,2003,0
2.86,350,350,0,2003,0,2003,0
2.87,350,350,0,2003,0,2003,0
2.88,350,350,0,2003,0,2003,0
2.89,350,350,0,2003,0,2003,0
2.9,350,350,0,2003,0,2003,0
2.91,350,350,0,2003,0,2003,0
2.92,350,350,0,2003,0,2003,0
2.93,350,350,0,2003,0,2003,0
2.94,350,350,0,2003,0,2003,0
2.95,350,350,0,2003,0,2003,0
2.96,350,350,0,2003,0,2003,0
2.97,350,350,0,2003,0,2003,0
2.98,350,350,0,2003,0,2003,0
2.99,350,350,0,2003,0,2003,0
3.0,349,350,1,7245,5210,2035,0
3.01,350,350,0,2035,0,2035,0
3.02,350,350,0,2035,0,2035,0
3.03,350,350,0,2035,0,2035,0
3.04,350,350,0,2035,0,2035,0
3.05,350,350,0,2035,0,2035,0
3.06,350,350,0,2035,0,2035,0
3.07,350,350,0,2035,0,2035,0
3.08,350,350,0,2035,0,2035,0
3.09,350,350,0,2035,0,2035,0
3.1,350,350,0,2035,0,2035,0
3.11,350,350,0,2035,0,2035,0
3.12,350,350,0,2035,0,2035,0
3.13,349,350,1,7277,5210,2067,0
3.14,350,350,0,2067,0,2067,0
3.15,350,350,0,2067,0,2067,0
3.16,350,350,0,2067,0,2067,0
3.17,350,350,0,2067,0,2067,0
3.18,350,350,0,2067,0,2067,0
3.19,350,350,0,2067,0,2067,0
3.2,350,350,0,2067,0,2067,0
3.21,350,350,0,2067,0,2067,0
3.22,350,350,0,2067,0,2067,0
3.23,350,350,0,2067,0,2067,0
3.24,350,350,0,2067,0,2067,0
3.25,350,350,0,2067,0,2067,0
3.26,350,350,0,2067,0,2067,0
3.27,350,350,0,2067,0,2067,0
3.28,350,350,0,2067,0,2067,0
3.29,350,350,0,2067,0,2067,0
3.3,350,350,0,2067,0,2067,0
3.31,350,350,0,2067,0,2067,0
3.32,350,350,0,2067,0,2067,0
3.33,350,350,0,2067,0,2067,0
3.34,350,350,0,2067,0,2067,0
3.35,350,350,0,2067,0,2067,0
3.36,350,350,0,2067,0,2067,0
3.37,350,350,0,2067,0,2067,0
3.38,350,350,0,2067,0,2067,0
3.39,350,350,0,2067,0,2067,0
3.4,350,350,0,2067,0,2067,0
3.41,349,350,1,7309,5210,2099,0
3.42,350,350,0,2099,0,2099,0
3.43,350,350,0,2099,0,2099,0
3.44,350,350,0,2099,0,2099,0
3.45,350,350,0,2099,0,2099,0
3.46,350,350,0,2099,0,2099,0
3.47,350,350,0,2099,0,2099,0
3.48,350,350,0,2099,0,2099,0
3.49,350,350,0,2099,0,2099,0
3.5,350,350,0,2099,0,2099,0
3.51,350,350,0,2099,0,2099,0
3.52,350,350,0,2099,0,2099,0
3.53,350,350,0,2099,0,2099,0
3.54,350,350,0,2099,0,2099,0
3.55,351,350,-1,-3143,-5210,2067,0
3.56,350,350,0,2067,0,2067,0
3.57,350,350,0,2067,0,2067,0
3.58,350,350,0,2067,0,2067,0
3.59,351,350,-1,-3175,-5210,2035,0
3.6,351,350,-1,-3240,-5210,1970,0
3.61,350,350,0,1970,0,1970,0
3.62,350,350,0,1970,0,1970,0
3.63,351,350,-1,-3272,-5210,1938,0
3.64,350,350,0,1938,0,1938,0
3.65,350,350,0,1938,0,1938,0
3.66,350,350,0,1938,0,1938,0
3.67,351,350,-1,-3304,-5210,1906,0
3.68,350,350,0,1906,0,1906,0
3.69,350,350,0,1906,0,1906,0
3.7,350,350,0,1906,0,1906,0
3.71,351,350,-1,-3336,-5210,1874,0
3.72,351,350,-1,-3401,-5210,1809,0
3.73,350,350,0,1809,0,1809,0
3.74,350,350,0,1809,0,1809,0
3.75,351,350,-1,-3433,-5210,1777,0
3.76,351,350,-1,-3498,-5210,1712,0
3.77,350,350,0,1712,0,1712,0
3.78,350,350,0,1712,0,1712,0
3.79,351,350,-1,-3530,-5210,1680,0
3.8,351,350,-1,-3595,-5210,1615,0
3.81,350,350,0,1615,0,1615,0
3.82,350,350,0,1615,0,1615,0
3.83,351,350,-1,-3627,-5210,1583,0
3.84,351,350,-1,-3692,-5210,1518,0
3.85,350,350,0,1518,0,1518,0
3.86,350,350,0,1518,0,1518,0
3.87,351,350,-1,-3724,-5210,1486,0
3.88,351,350,-1,-3789,-5210,1421,0
3.89,350,350,0,1421,0,1421,0
3.9,350,350,0,1421,0,1421,0
3.91,351,350,-1,-3821,-5210,1389,0
3.92,351,350,-1,-3886,-5210,1324,0
3.93,350,350,0,1324,0,1324,0
3.94,350,350,0,1324,0,1324,0
3.95,351,350,-1,-3918,-5210,1292,0
3.96,351,350,-1,-3983,-5210,1227,0
3.97,350,350,0,1227,0,1227,0
3.98,350,350,0,1227,0,1227,0
3.99,351,350,-1,-4015,-5210,1195,0
4.0,351,350,-1,-4080,-5210,1130,0
4.01,350,350,0,1130,0,1130,0
4.02,350,350,0,1130,0,1130,0
4.03,350,350,0,1130,0,1130,0
4.04,351,350,-1,-4112,-5210,1098,0
4.05,350,350,0,1098,0,1098,0
4.06,350,350,0,1098,0,1098,0
4.07,350,350,0,1098,0,1098,0
4.08,351,350,-1,-4144,-5210,1066,0
4.09,350,350,0,1066,0,1066,0
4.1,350,350,0,1066,0,1066,0
4.11,351,350,-1,-4176,-5210,1034,0
4.12,352,350,-2,-9483,-10420,937,0
4.13,350,350,0,937,0,937,0
4.14,350,350,0,937,0,937,0
4.15,350,350,0,937,0,937,0
4.16,351,350,-1,-4305,-5210,905,0
4.17,350,350,0,905,0,905,0
4.18,350,350,0,905,0,905,0
4.19,350,350,0,905,0,905,0
4.2,351,350,-1,-4337,-5210,873,0
4.21,351,350,-1,-4402,-5210,808,0
4.22,350,350,0,808,0,808,0
4.23,350,350,0,808,0,808,0
4.24,351,350,-1,-4434,-5210,776,0
4.25,351,350,-1,-4499,-5210,711,0
4.26,350,350,0,711,0,711,0
4.27,350,350,0,711,0,711,0
4.28,351,350,-1,-4531,-5210,679,0
4.29,351,350,-1,-4596,-5210,614,0
4.3,350,350,0,614,0,614,0
4.31,350,350,0,614,0,614,0
4.32,351,350,-1,-4628,-5210,582,0
4.33,350,350,0,582,0,582,0
4.34,350,350,0,582,0,582,0
4.35,350,350,0,582,0,582,0
4.36,351,350,-1,-4660,-5210,550,0
4.37,351,350,-1,-4725,-5210,485,0
4.38,350,350,0,485,0,485,0
4.39,350,350,0,485,0,485,0
4.4,351,350,-1,-4757,-5210,453,0
4.41,351,350,-1,-4822,-5210,388,0
4.42,350,350,0,388,0,388,0
4.43,350,350,0,388,0,388,0
4.44,351,350,-1,-4854,-5210,356,0
4.45,351,350,-1,-4919,-5210,291,0
4.46,350,350,0,291,0,291,0
4.47,350,350,0,291,0,291,0
4.48,351,350,-1,-4951,-5210,259,0
4.49,351,350,-1,-5016,-5210,194,0
4.5,350,350,0,194,0,194,0
4.51,350,350,0,194,0,194,0
4.52,350,350,0,194,0,194,0
4.53,350,350,0,194,0,194,0
4.54,350,350,0,194,0,194,0
4.55,349,350,1,5436,5210,226,0
4.56,350,350,0,226,0,226,0
4.57,350,350,0,226,0,226,0
4.58,350,350,0,226,0,226,0
4.59,350,350,0,226,0,226,0
4.6,350,350,0,226,0,226,0
4.61,350,350,0,226,0,226,0
4.62,349,350,1,5468,5210,258,0
4.63,346,350,4,21260,20840,420,0
4.64,345,350,5,26763,26050,713,0
4.65,347,350,3,16603,15630,973,0
4.66,347,350,3,16798,15630,1168,0
4.67,349,350,1,6508,5210,1298,0
4.68,351,350,-1,-3912,-5210,1298,0
4.69,350,350,0,1298,0,1298,0
4.7,350,350,0,1298,0,1298,0
4.71,350,350,0,1298,0,1298,0
4.72,350,350,0,1298,0,1298,0
4.73,351,350,-1,-3944,-5210,1266,0
4.74,350,350,0,1266,0,1266,0
4.75,350,350,0,1266,0,1266,0
4.76,350,350,0,1266,0,1266,0
4.77,350,350,0,1266,0,1266,0
4.78,350,350,0,1266,0,1266,0
4.79,349,350,1,6508,5210,1298,0
4.8,350,350,0,1298,0,1298,0
4.81,350,350,0,1298,0,1298,0
4.82,350,350,0,1298,0,1298,0
4.83,350,350,0,1298,0,1298,0
4.84,350,350,0,1298,0,1298,0
4.85,350,350,0,1298,0,1298,0
4.86,350,350,0,1298,0,1298,0
4.87,350,350,0,1298,0,1298,0
4.88,350,350,0,1298,0,1298,0
4.89,350,350,0,1298,0,1298,0
4.9,350,350,0,1298,0,1298,0
4.91,350,350,0,1298,0,1298,0
4.92,350,350,0,1298,0,1298,0
4.93,350,350,0,1298,0,1298,0
4.94,350,350,0,1298,0,1298,0
4.95,350,350,0,1298,0,1298,0
4.96,350,350,0,1298,0,1298,0
4.97,350,350,0,1298,0,1298,0
4.98,350,350,0,1298,0,1298,0
4.99,350,350,0,1298,0,1298,0
5.0,350,350,0,1298,0,1298,0
5.01,350,350,0,1298,0,1298,0
5.02,350,350,0,1298,0,1298,0
5.03,349,350,1,6540,5210,1330,0
5.04,350,350,0,1330,0,1330,0
5.05,350,350,0,1330,0,1330,0
5.06,350,350,0,1330,0,1330,0
5.07,350,350,0,1330,0,1330,0
5.08,349,350,1,6572,5210,1362,0
5.09,350,350,0,1362,0,1362,0
5.1,350,350,0,1362,0,1362,0
5.11,350,350,0,1362,0,1362,0
5.12,350,350,0,1362,0,1362,0
5.13,350,350,0,1362,0,1362,0
5.14,350,350,0,1362,0,1362,0
5.15,350,350,0,1362,0,1362,0
5.16,350,350,0,1362,0,1362,0
5.17,350,350,0,1362,0,1362,0
5.18,350,350,0,1362,0,1362,0
5.19,350,350,0,1362,0,1362,0
5.2,350,350,0,1362,0,1362,0
5.21,350,350,0,1362,0,1362,0
5.22,350,350,0,1362,0,1362,0
5.23,350,350,0,1362,0,1362,0
5.24,350,350,0,1362,0,1362,0
5.25,350,350,0,1362,0,1362,0
5.26,350,350,0,1362,0,1362,0
5.27,350,350,0,1362,0,1362,0
5.28,350,350,0,1362,0,1362,0
5.29,350,350,0,1362,0,1362,0
5.3,350,350,0,1362,0,1362,0
5.31,350,350,0,1362,0,1362,0
5.32,350,350,0,1362,0,1362,0
5.33,350,350,0,1362,0,1362,0
5.34,350,350,0,1362,0,1362,0
5.35,350,350,0,1362,0,1362,0
5.36,350,350,0,1362,0,1362,0
5.37,350,350,0,1362,0,1362,0
5.38,350,200,0,1362,0,1362,0
5.39,350,200,-150,-250000,-781500,-3522,0
5.4,350,200,-150,-250000,-781500,85,0
5.41,350,200,-150,-250000,-781500,3602,0
5.42,350,200,-150,-250000,-781500,7031,0
5.43,350,200,-150,-250000,-781500,10374,0
5.44,350,200,-150,-250000,-781500,13634,0
5.45,350,200,-150,-250000,-781500,16812,0
5.46,350,200,-150,-250000,-781500,19911,0
5.47,349,200,-149,-250000,-776290,22965,0
5.48,344,200,-144,-250000,-750240,26008,0
5.49,341,200,-141,-250000,-734610,28584,0
5.5,343,200,-143,-250000,-745030,30737,0
5.51,342,200,-142,-250000,-739820,33064,0
5.52,333,200,-133,-250000,-692930,35528,0
5.53,329,200,-129,-250000,-672090,37182,0
5.54,331,200,-131,-250000,-682510,38339,0
5.55,330,200,-130,-250000,-677300,39695,0
5.56,322,200,-122,-250000,-635620,41180,0
5.57,317,200,-117,-250000,-609570,42009,0
5.58,319,200,-119,-250000,-619990,42263,0
5.59,319,200,-119,-250000,-619990,42706,0
5.6,312,200,-112,-250000,-583520,43366,0
5.61,306,200,-106,-250000,-552260,43521,0
5.62,308,200,-108,-250000,-562680,43022,0
5.63,308,200,-108,-250000,-562680,42731,0
5.64,301,200,-101,-250000,-526210,42675,0
5.65,296,200,-96,-250000,-500160,42100,0
5.66,297,200,-97,-250000,-505370,41018,0
5.67,297,200,-97,-250000,-505370,40061,0
5.68,291,200,-91,-250000,-474110,39323,0
5.69,285,200,-85,-250000,-442850,38213,0
5.7,285,200,-85,-250000,-442850,36544,0
5.71,287,200,-87,-250000,-453270,34852,0
5.72,281,200,-81,-250000,-422010,33593,0
5.73,276,200,-76,-250000,-395960,31942,0
5.74,276,200,-76,-250000,-395960,29844,0
5.75,277,200,-77,-250000,-401170,27766,0
5.76,272,200,-72,-250000,-375120,26000,0
5.77,265,200,-65,-250000,-338650,24018,0
5.78,265,200,-65,-250000,-338650,21401,0
5.79,267,200,-67,-250000,-349070,18785,0
5.8,262,200,-62,-250000,-323020,16592,0
5.81,255,200,-55,-250000,-286550,14194,0
5.82,254,200,-54,-250000,-281340,11204,0
5.83,256,200,-56,-250000,-291760,8126,0
5.84,252,200,-52,-250000,-270920,5451,0
5.85,244,200,-44,-226528,-229240,2712,0
5.86,243,200,-43,-224150,-224030,-120,0
5.87,245,200,-45,-237435,-234450,-2985,0
5.88,241,200,-41,-219395,-213610,-5785,0
5.89,233,200,-33,-180124,-171930,-8194,0
5.9,232,200,-32,-177030,-166720,-10310,0
5.91,234,200,-34,-189598,-177140,-12458,0
5.92,231,200,-31,-176084,-161510,-14574,0
5.93,223,200,-23,-136162,-119830,-16332,0
5.94,221,200,-21,-127174,-109410,-17764,0
5.95,223,200,-23,-139026,-119830,-19196,0
5.96,221,200,-21,-130038,-109410,-20628,0
5.97,215,200,-15,-99950,-78150,-21800,0
5.98,213,200,-13,-90441,-67730,-22711,0
5.99,215,200,-15,-101772,-78150,-23622,0
6.0,213,200,-13,-92263,-67730,-24533,0
6.01,208,200,-8,-66896,-41680,-25216,0
6.02,206,200,-6,-56931,-31260,-25671,0
6.03,207,200,-7,-62564,-36470,-26094,0
6.04,206,200,-6,-57777,-31260,-26517,0
6.05,204,200,-4,-47682,-20840,-26842,0
6.06,204,200,-4,-47942,-20840,-27102,0
6.07,204,200,-4,-48202,-20840,-27362,0
6.08,204,200,-4,-48462,-20840,-27622,0
6.09,201,200,-1,-32994,-5210,-27784,0
6.1,201,200,-1,-33059,-5210,-27849,0
6.11,201,200,-1,-33124,-5210,-27914,0
6.12,201,200,-1,-33189,-5210,-27979,0
6.13,199,200,1,-22769,5210,-27979,0
6.14,196,200,4,-6977,20840,-27817,0
6.15,197,200,3,-11960,15630,-27590,0
6.16,197,200,3,-11765,15630,-27395,0
6.17,194,200,6,4158,31260,-27102,0
6.18,193,200,7,9791,36470,-26679,0
6.19,194,200,6,5004,31260,-26256,0
6.2,194,200,6,5394,31260,-25866,0
6.21,192,200,8,16269,41680,-25411,0
6.22,193,200,7,11547,36470,-24923,0
6.23,194,200,6,6760,31260,-24500,0
6.24,193,200,7,12393,36470,-24077,0
6.25,190,200,10,28576,52100,-23524,0
6.26,185,200,15,55440,78150,-22710,0
6.27,187,200,13,45931,67730,-21799,0
6.28,189,200,11,36292,57310,-21018,0
6.29,189,200,11,37008,57310,-20302,0
6.3,193,200,7,16754,36470,-19716,0
6.31,194,200,6,11967,31260,-19293,0
6.32,193,200,7,17600,36470,-18870,0
6.33,193,200,7,18055,36470,-18415,0
6.34,193,200,7,18510,36470,-17960,0
6.35,194,200,6,13723,31260,-17537,0
6.36,194,200,6,14113,31260,-17147,0
6.37,192,200,8,24988,41680,-16692,0
6.38,193,200,7,20266,36470,-16204,0
6.39,194,200,6,15479,31260,-15781,0
6.4,194,200,6,15869,31260,-15391,0
6.41,194,200,6,16259,31260,-15001,0
6.42,196,200,4,6164,20840,-14676,0
6.43,198,200,2,-4061,10420,-14481,0
6.44,197,200,3,1311,15630,-14319,0
6.45,197,200,3,1506,15630,-14124,0
6.46,197,200,3,1701,15630,-13929,0
6.47,197,200,3,1896,15630,-13734,0
6.48,198,200,2,-3152,10420,-13572,0
6.49,197,200,3,2220,15630,-13410,0
6.5,197,200,3,2415,15630,-13215,0
6.51,197,200,3,2610,15630,-13020,0
6.52,197,200,3,2805,15630,-12825,0
6.53,196,200,4,8242,20840,-12598,0
6.54,195,200,5,13745,26050,-12305,0
6.55,197,200,3,3585,15630,-12045,0
6.56,197,200,3,3780,15630,-11850,0
6.57,196,200,4,9217,20840,-11623,0
6.58,196,200,4,9477,20840,-11363,0
6.59,197,200,3,4494,15630,-11136,0
6.6,197,200,3,4689,15630,-10941,0
6.61,196,200,4,10126,20840,-10714,0
6.62,196,200,4,10386,20840,-10454,0
6.63,197,200,3,5403,15630,-10227,0
6.64,197,200,3,5598,15630,-10032,0
6.65,196,200,4,11035,20840,-9805,0
6.66,196,200,4,11295,20840,-9545,0
6.67,196,200,4,11555,20840,-9285,0
6.68,197,200,3,6572,15630,-9058,0
6.69,196,200,4,12009,20840,-8831,0
6.7,196,200,4,12269,20840,-8571,0
6.71,196,200,4,12529,20840,-8311,0
6.72,197,200,3,7546,15630,-8084,0
6.73,196,200,4,12983,20840,-7857,0
6.74,196,200,4,13243,20840,-7597,0
6.75,196,200,4,13503,20840,-7337,0
6.76,197,200,3,8520,15630,-7110,0
6.77,197,200,3,8715,15630,-6915,0
6.78,198,200,2,3667,10420,-6753,0
6.79,201,200,-1,-11931,-5210,-6721,0
6.8,201,200,-1,-11996,-5210,-6786,0
6.81,200,200,0,-6786,0,-6786,0
6.82,200,200,0,-6786,0,-6786,0
6.83,200,200,0,-6786,0,-6786,0
6.84,201,200,-1,-12028,-5210,-6818,0
6.85,201,200,-1,-12093,-5210,-6883,0
6.86,201,200,-1,-12158,-5210,-6948,0
6.87,203,200,-3,-22708,-15630,-7078,0
6.88,204,200,-4,-28145,-20840,-7305,0
6.89,203,200,-3,-23162,-15630,-7532,0
6.9,202,200,-2,-18114,-10420,-7694,0
6.91,200,200,0,-7694,0,-7694,0
6.92,200,200,0,-7694,0,-7694,0
6.93,201,200,-1,-12936,-5210,-7726,0
6.94,199,200,1,-2516,5210,-7726,0
6.95,200,200,0,-7726,0,-7726,0
6.96,201,200,-1,-12968,-5210,-7758,0
6.97,200,200,0,-7758,0,-7758,0
6.98,200,200,0,-7758,0,-7758,0
6.99,200,200,0,-7758,0,-7758,0
7.0,201,200,-1,-13000,-5210,-7790,0
7.01,201,200,-1,-13065,-5210,-7855,0
7.02,200,200,0,-7855,0,-7855,0
7.03,200,200,0,-7855,0,-7855,0
7.04,201,200,-1,-13097,-5210,-7887,0
7.05,201,200,-1,-13162,-5210,-7952,0
7.06,200,200,0,-7952,0,-7952,0
7.07,200,200,0,-7952,0,-7952,0
7.08,201,200,-1,-13194,-5210,-7984,0
7.09,201,200,-1,-13259,-5210,-8049,0
7.1,200,200,0,-8049,0,-8049,0
7.11,200,200,0,-8049,0,-8049,0
7.12,201,200,-1,-13291,-5210,-8081,0
7.13,201,200,-1,-13356,-5210,-8146,0
7.14,200,200,0,-8146,0,-8146,0
7.15,200,200,0,-8146,0,-8146,0
7.16,201,200,-1,-13388,-5210,-8178,0
7.17,201,200,-1,-13453,-5210,-8243,0
7.18,198,200,2,2209,10420,-8211,0
7.19,197,200,3,7581,15630,-8049,0
7.2,196,200,4,13018,20840,-7822,0
7.21,197,200,3,8035,15630,-7595,0
7.22,197,200,3,8230,15630,-7400,0
7.23,196,200,4,13667,20840,-7173,0
7.24,197,200,3,8684,15630,-6946,0
7.25,197,200,3,8879,15630,-6751,0
7.26,196,200,4,14316,20840,-6524,0
7.27,196,200,4,14576,20840,-6264,0
7.28,196,200,4,14836,20840,-6004,0
7.29,197,200,3,9853,15630,-5777,0
7.3,196,200,4,15290,20840,-5550,0
7.31,196,200,4,15550,20840,-5290,0
7.32,197,200,3,10567,15630,-5063,0
7.33,197,200,3,10762,15630,-4868,0
7.34,197,200,3,10957,15630,-4673,0
7.35,196,200,4,16394,20840,-4446,0
7.36,197,200,3,11411,15630,-4219,0
7.37,197,200,3,11606,15630,-4024,0
7.38,197,200,3,11801,15630,-3829,0
7.39,196,200,4,17238,20840,-3602,0
7.4,196,200,4,17498,20840,-3342,0
7.41,197,200,3,12515,15630,-3115,0
7.42,197,200,3,12710,15630,-2920,0
7.43,196,200,4,18147,20840,-2693,0
7.44,196,200,4,18407,20840,-2433,0
7.45,197,200,3,13424,15630,-2206,0
7.46,197,200,3,13619,15630,-2011,0
7.47,198,200,2,8571,10420,-1849,0
7.48,201,200,-1,-7027,-5210,-1817,0
7.49,201,200,-1,-7092,-5210,-1882,0
7.5,200,200,0,-1882,0,-1882,0
7.51,200,200,0,-1882,0,-1882,0
7.52,200,200,0,-1882,0,-1882,0
7.53,201,200,-1,-7124,-5210,-1914,0
7.54,201,200,-1,-7189,-5210,-1979,0
7.55,202,200,-2,-12496,-10420,-2076,0
7.56,204,200,-4,-23111,-20840,-2271,0
7.57,204,200,-4,-23371,-20840,-2531,0
7.58,204,200,-4,-23631,-20840,-2791,0
7.59,203,200,-3,-18648,-15630,-3018,0
7.6,203,200,-3,-18843,-15630,-3213,0
7.61,204,200,-4,-24280,-20840,-3440,0
7.62,204,200,-4,-24540,-20840,-3700,0
7.63,202,200,-2,-14315,-10420,-3895,0
7.64,201,200,-1,-9202,-5210,-3992,0
7.65,201,200,-1,-9267,-5210,-4057,0
7.66,201,200,-1,-9332,-5210,-4122,0
7.67,201,200,-1,-9397,-5210,-4187,0
7.68,200,200,0,-4187,0,-4187,0
7.69,201,200,-1,-9429,-5210,-4219,0
7.7,201,200,-1,-9494,-5210,-4284,0
7.71,201,200,-1,-9559,-5210,-4349,0
7.72,201,200,-1,-9624,-5210,-4414,0
7.73,201,200,-1,-9689,-5210,-4479,0
7.74,201,200,-1,-9754,-5210,-4544,0
7.75,200,200,0,-4544,0,-4544,0
7.76,201,200,-1,-9786,-5210,-4576,0
7.77,201,200,-1,-9851,-5210,-4641,0
7.78,201,200,-1,-9916,-5210,-4706,0
7.79,201,200,-1,-9981,-5210,-4771,0
7.8,200,200,0,-4771,0,-4771,0
7.81,201,200,-1,-10013,-5210,-4803,0
7.82,201,200,-1,-10078,-5210,-4868,0
7.83,201,200,-1,-10143,-5210,-4933,0
7.84,200,200,0,-4933,0,-4933,0
7.85,201,200,-1,-10175,-5210,-4965,0
7.86,201,200,-1,-10240,-5210,-5030,0
7.87,200,200,0,-5030,0,-5030,0
7.88,197,200,3,10697,15630,-4933,0
7.89,196,200,4,16134,20840,-4706,0
7.9,198,200,2,5909,10420,-4511,0
7.91,197,200,3,11281,15630,-4349,0
7.92,196,200,4,16718,20840,-4122,0
7.93,197,200,3,11735,15630,-3895,0
7.94,197,200,3,11930,15630,-3700,0
7.95,197,200,3,12125,15630,-3505,0
7.96,196,200,4,17562,20840,-3278,0
7.97,197,200,3,12579,15630,-3051,0
7.98,198,200,2,7531,10420,-2889,0
7.99,197,200,3,12903,15630,-2727,0
8.0,196,200,4,18340,20840,-2500,0
8.01,197,200,3,13357,15630,-2273,0
8.02,198,200,2,8309,10420,-2111,0
8.03,197,200,3,13681,15630,-1949,0
8.04,197,200,3,13876,15630,-1754,0
8.05,197,200,3,14071,15630,-1559,0
8.06,198,200,2,9023,10420,-1397,0
8.07,197,200,3,14395,15630,-1235,0
8.08,199,200,1,4105,5210,-1105,0
8.09,201,200,-1,-6315,-5210,-1105,0
8.1,201,200,-1,-6380,-5210,-1170,0
8.11,201,200,-1,-6445,-5210,-1235,0
8.12,201,200,-1,-6510,-5210,-1300,0
8.13,200,200,0,-1300,0,-1300,0
8.14,201,200,-1,-6542,-5210,-1332,0
8.15,201,200,-1,-6607,-5210,-1397,0
8.16,200,200,0,-1397,0,-1397,0
8.17,201,200,-1,-6639,-5210,-1429,0
8.18,201,200,-1,-6704,-5210,-1494,0
8.19,201,200,-1,-6769,-5210,-1559,0
8.2,201,200,-1,-6834,-5210,-1624,0
8.21,201,200,-1,-6899,-5210,-1689,0
8.22,201,200,-1,-6964,-5210,-1754,0
8.23,201,200,-1,-7029,-5210,-1819,0
8.24,201,200,-1,-7094,-5210,-1884,0
8.25,200,200,0,-1884,0,-1884,0
8.26,201,200,-1,-7126,-5210,-1916,0
8.27,201,200,-1,-7191,-5210,-1981,0
8.28,200,200,0,-1981,0,-1981,0
8.29,201,200,-1,-7223,-5210,-2013,0
8.3,201,200,-1,-7288,-5210,-2078,0
8.31,201,200,-1,-7353,-5210,-2143,0
8.32,201,200,-1,-7418,-5210,-2208,0
8.33,201,200,-1,-7483,-5210,-2273,0
8.34,201,200,-1,-7548,-5210,-2338,0
8.35,201,200,-1,-7613,-5210,-2403,0
8.36,201,200,-1,-7678,-5210,-2468,0
8.37,200,200,0,-2468,0,-2468,0
8.38,201,200,-1,-7710,-5210,-2500,0
8.39,201,200,-1,-7775,-5210,-2565,0
8.4,201,200,-1,-7840,-5210,-2630,0
8.41,200,200,0,-2630,0,-2630,0
8.42,200,200,0,-2630,0,-2630,0
8.43,201,200,-1,-7872,-5210,-2662,0
8.44,201,200,-1,-7937,-5210,-2727,0
8.45,200,200,0,-2727,0,-2727,0
8.46,201,200,-1,-7969,-5210,-2759,0
8.47,201,200,-1,-8034,-5210,-2824,0
8.48,200,200,0,-2824,0,-2824,0
8.49,197,200,3,12903,15630,-2727,0
8.5,196,200,4,18340,20840,-2500,0
8.51,198,200,2,8115,10420,-2305,0
8.52,197,200,3,13487,15630,-2143,0
8.53,196,200,4,18924,20840,-1916,0
8.54,197,200,3,13941,15630,-1689,0
8.55,197,200,3,14136,15630,-1494,0
8.56,196,200,4,19573,20840,-1267,0
8.57,196,200,4,19833,20840,-1007,0
8.58,196,200,4,20093,20840,-747,0
8.59,197,200,3,15110,15630,-520,0
8.6,196,200,4,20547,20840,-293,0
8.61,196,200,4,20807,20840,-33,0
8.62,196,200,4,21067,20840,227,0
8.63,197,200,3,16084,15630,454,0
8.64,197,200,3,16279,15630,649,0
8.65,198,200,2,11231,10420,811,0
8.66,201,200,-1,-4367,-5210,843,0
8.67,201,200,-1,-4432,-5210,778,0
8.68,201,200,-1,-4497,-5210,713,0
8.69,200,200,0,713,0,713,0
8.7,200,200,0,713,0,713,0
8.71,201,200,-1,-4529,-5210,681,0
8.72,201,200,-1,-4594,-5210,616,0
8.73,199,200,1,5826,5210,616,0
8.74,200,200,0,616,0,616,0
8.75,201,200,-1,-4626,-5210,584,0
8.76,200,200,0,584,0,584,0
8.77,200,200,0,584,0,584,0
8.78,200,200,0,584,0,584,0
8.79,201,200,-1,-4658,-5210,552,0
8.8,200,200,0,552,0,552,0
8.81,200,200,0,552,0,552,0
8.82,199,200,1,5794,5210,584,0
8.83,201,200,-1,-4626,-5210,584,0
8.84,201,200,-1,-4691,-5210,519,0
8.85,199,200,1,5729,5210,519,0
8.86,200,200,0,519,0,519,0
8.87,201,200,-1,-4723,-5210,487,0
8.88,201,200,-1,-4788,-5210,422,0
8.89,200,200,0,422,0,422,0
8.9,200,200,0,422,0,422,0
8.91,201,200,-1,-4820,-5210,390,0
8.92,201,200,-1,-4885,-5210,325,0
8.93,200,200,0,325,0,325,0
8.94,200,200,0,325,0,325,0
8.95,201,200,-1,-4917,-5210,293,0
8.96,201,200,-1,-4982,-5210,228,0
8.97,200,200,0,228,0,228,0
8.98,199,200,1,5470,5210,260,0
8.99,200,200,0,260,0,260,0
9.0,201,200,-1,-4982,-5210,228,0
9.01,200,200,0,228,0,228,0
9.02,199,200,1,5470,5210,260,0
9.03,200,200,0,260,0,260,0
9.04,201,200,-1,-4982,-5210,228,0
9.05,200,200,0,228,0,228,0
9.06,199,200,1,5470,5210,260,0
9.07,200,200,0,260,0,260,0
9.08,201,200,-1,-4982,-5210,228,0
9.09,200,200,0,228,0,228,0
9.1,199,200,1,5470,5210,260,0
9.11,200,200,0,260,0,260,0
9.12,201,200,-1,-4982,-5210,228,0
9.13,200,200,0,228,0,228,0
9.14,199,200,1,5470,5210,260,0
9.15,200,200,0,260,0,260,0
9.16,201,200,-1,-4982,-5210,228,0
9.17,200,200,0,228,0,228,0
9.18,199,200,1,5470,5210,260,0
9.19,200,200,0,260,0,260,0
9.2,201,200,-1,-4982,-5210,228,0
9.21,200,200,0,228,0,228,0
9.22,199,200,1,5470,5210,260,0
9.23,200,200,0,260,0,260,0
9.24,201,200,-1,-4982,-5210,228,0
9.25,200,200,0,228,0,228,0
9.26,200,200,0,228,0,228,0
9.27,200,200,0,228,0,228,0
9.28,201,200,-1,-5014,-5210,196,0
9.29,200,200,0,196,0,196,0
9.3,199,200,1,5438,5210,228,0
9.31,200,200,0,228,0,228,0
9.32,200,200,0,228,0,228,0
9.33,200,200,0,228,0,228,0
9.34,200,200,0,228,0,228,0
9.35,200,200,0,228,0,228,0
9.36,201,200,-1,-5014,-5210,196,0
9.37,200,200,0,196,0,196,0
9.38,200,200,0,196,0,196,0
9.39,200,200,0,196,0,196,0
9.4,201,200,-1,-5046,-5210,164,0
9.41,201,200,-1,-5111,-5210,99,0
9.42,199,200,1,5309,5210,99,0
9.43,200,200,0,99,0,99,0
9.44,201,200,-1,-5143,-5210,67,0
9.45,200,200,0,67,0,67,0
9.46,199,200,1,5309,5210,99,0
9.47,200,200,0,99,0,99,0
9.48,201,200,-1,-5143,-5210,67,0
9.49,201,200,-1,-5208,-5210,2,0
9.5,200,200,0,2,0,2,0
9.51,200,200,0,2,0,2,0
9.52,201,200,-1,-5240,-5210,-30,0
9.53,201,200,-1,-5305,-5210,-95,0
9.54,201,200,-1,-5370,-5210,-160,0
9.55,201,200,-1,-5435,-5210,-225,0
9.56,201,200,-1,-5500,-5210,-290,0
9.57,201,200,-1,-5565,-5210,-355,0
9.58,201,200,-1,-5630,-5210,-420,0
9.59,201,200,-1,-5695,-5210,-485,0
9.6,201,200,-1,-5760,-5210,-550,0
9.61,201,200,-1,-5825,-5210,-615,0
9.62,200,200,0,-615,0,-615,0
9.63,201,200,-1,-5857,-5210,-647,0
9.64,201,200,-1,-5922,-5210,-712,0
9.65,201,200,-1,-5987,-5210,-777,0
9.66,200,200,0,-777,0,-777,0
9.67,201,200,-1,-6019,-5210,-809,0
9.68,201,200,-1,-6084,-5210,-874,0
9.69,201,200,-1,-6149,-5210,-939,0
9.7,201,200,-1,-6214,-5210,-1004,0
9.71,200,200,0,-1004,0,-1004,0
9.72,201,200,-1,-6246,-5210,-1036,0
9.73,201,200,-1,-6311,-5210,-1101,0
9.74,201,200,-1,-6376,-5210,-1166,0
9.75,199,200,1,4044,5210,-1166,0
9.76,201,200,-1,-6376,-5210,-1166,0
9.77,201,200,-1,-6441,-5210,-1231,0
9.78,201,200,-1,-6506,-5210,-1296,0
9.79,200,200,0,-1296,0,-1296,0
9.8,201,200,-1,-6538,-5210,-1328,0
9.81,201,200,-1,-6603,-5210,-1393,0
9.82,201,200,-1,-6668,-5210,-1458,0
9.83,200,200,0,-1458,0,-1458,0
9.84,201,200,-1,-6700,-5210,-1490,0
9.85,201,200,-1,-6765,-5210,-1555,0
9.86,201,200,-1,-6830,-5210,-1620,0
9.87,201,200,-1,-6895,-5210,-1685,0
9.88,201,200,-1,-6960,-5210,-1750,0
9.89,201,200,-1,-7025,-5210,-1815,0
9.9,201,200,-1,-7090,-5210,-1880,0
9.91,200,200,0,-1880,0,-1880,0
9.92,201,200,-1,-7122,-5210,-1912,0
9.93,201,200,-1,-7187,-5210,-1977,0
9.94,201,200,-1,-7252,-5210,-2042,0
9.95,200,200,0,-2042,0,-2042,0
9.96,201,200,-1,-7284,-5210,-2074,0
9.97,201,200,-1,-7349,-5210,-2139,0
9.98,201,200,-1,-7414,-5210,-2204,0
9.99,198,200,2,8248,10420,-2172,0
10.0,196,200,4,18863,20840,-1977,0
10.01,197,200,3,13880,15630,-1750,0
10.02,198,200,2,8832,10420,-1588,0
10.03,196,200,4,19447,20840,-1393,0
10.04,197,200,3,14464,15630,-1166,0
10.05,198,200,2,9416,10420,-1004,0
10.06,197,200,3,14788,15630,-842,0
10.07,197,200,3,14983,15630,-647,0
10.08,197,200,3,15178,15630,-452,0
10.09,198,200,2,10130,10420,-290,0
10.1,197,200,3,15502,15630,-128,0
10.11,197,200,3,15697,15630,67,0
10.12,197,200,3,15892,15630,262,0
10.13,198,200,2,10844,10420,424,0
10.14,197,200,3,16216,15630,586,0
10.15,196,200,4,21653,20840,813,0
10.16,197,200,3,16670,15630,1040,0
10.17,198,200,2,11622,10420,1202,0
10.18,197,200,3,16994,15630,1364,0
10.19,197,200,3,17189,15630,1559,0
10.2,197,200,3,17384,15630,1754,0
10.21,197,200,3,17579,15630,1949,0
10.22,197,200,3,17774,15630,2144,0
10.23,198,200,2,12726,10420,2306,0
10.24,200,200,0,2306,0,2306,0
10.25,202,200,-2,-8179,-10420,2241,0
10.26,201,200,-1,-3066,-5210,2144,0
10.27,201,200,-1,-3131,-5210,2079,0
10.28,201,200,-1,-3196,-5210,2014,0
10.29,201,200,-1,-3261,-5210,1949,0
10.3,201,200,-1,-3326,-5210,1884,0
10.31,201,200,-1,-3391,-5210,1819,0
10.32,203,200,-3,-13941,-15630,1689,0
10.33,204,200,-4,-19378,-20840,1462,0
10.34,204,200,-4,-19638,-20840,1202,0
10.35,203,200,-3,-14655,-15630,975,0
10.36,201,200,-1,-4365,-5210,845,0
10.37,200,200,0,845,0,845,0
10.38,202,200,-2,-9640,-10420,780,0
10.39,201,200,-1,-4527,-5210,683,0
10.4,202,200,-2,-9834,-10420,586,0
10.41,204,200,-4,-20449,-20840,391,0
10.42,204,200,-4,-20709,-20840,131,0
10.43,203,200,-3,-15726,-15630,-96,0
10.44,201,200,-1,-5436,-5210,-226,0
10.45,200,200,0,-226,0,-226,0
10.46,201,200,-1,-5468,-5210,-258,0
10.47,201,200,-1,-5533,-5210,-323,0
10.48,200,200,0,-323,0,-323,0
10.49,201,200,-1,-5565,-5210,-355,0
10.5,201,200,-1,-5630,-5210,-420,0
10.51,201,200,-1,-5695,-5210,-485,0
10.52,200,200,0,-485,0,-485,0
10.53,200,200,0,-485,0,-485,0
10.54,201,200,-1,-5727,-5210,-517,0
10.55,200,200,0,-517,0,-517,0
10.56,200,200,0,-517,0,-517,0
10.57,200,200,0,-517,0,-517,0
10.58,201,200,-1,-5759,-5210,-549,0
10.59,200,200,0,-549,0,-549,0
10.6,200,200,0,-549,0,-549,0
10.61,200,200,0,-549,0,-549,0
10.62,201,200,-1,-5791,-5210,-581,0
10.63,200,200,0,-581,0,-581,0
10.64,200,200,0,-581,0,-581,0
10.65,200,200,0,-581,0,-581,0
10.66,201,200,-1,-5823,-5210,-613,0
10.67,200,200,0,-613,0,-613,0
10.68,200,200,0,-613,0,-613,0
10.69,200,200,0,-613,0,-613,0
10.7,201,200,-1,-5855,-5210,-645,0
10.71,200,200,0,-645,0,-645,0
10.72,200,200,0,-645,0,-645,0
10.73,200,200,0,-645,0,-645,0
10.74,201,200,-1,-5887,-5210,-677,0
10.75,200,200,0,-677,0,-677,0
10.76,200,200,0,-677,0,-677,0
10.77,200,200,0,-677,0,-677,0
10.78,201,200,-1,-5919,-5210,-709,0
10.79,201,200,-1,-5984,-5210,-774,0
10.8,200,200,0,-774,0,-774,0
10.81,200,200,0,-774,0,-774,0
10.82,201,200,-1,-6016,-5210,-806,0
10.83,201,200,-1,-6081,-5210,-871,0
10.84,200,200,0,-871,0,-871,0
10.85,200,200,0,-871,0,-871,0
10.86,200,200,0,-871,0,-871,0
10.87,201,200,-1,-6113,-5210,-903,0
10.88,200,200,0,-903,0,-903,0
10.89,200,200,0,-903,0,-903,0
10.9,201,200,-1,-6145,-5210,-935,0
10.91,200,200,0,-935,0,-935,0
10.92,200,200,0,-935,0,-935,0
10.93,200,200,0,-935,0,-935,0
10.94,200,200,0,-935,0,-935,0
10.95,201,200,-1,-6177,-5210,-967,0
10.96,200,200,0,-967,0,-967,0
10.97,200,200,0,-967,0,-967,0
10.98,201,200,-1,-6209,-5210,-999,0
10.99,201,200,-1,-6274,-5210,-1064,0
11.0,200,200,0,-1064,0,-1064,0
11.01,200,200,0,-1064,0,-1064,0
11.02,201,200,-1,-6306,-5210,-1096,0
11.03,201,200,-1,-6371,-5210,-1161,0
11.04,200,200,0,-1161,0,-1161,0
11.05,199,200,1,4081,5210,-1129,0
11.06,201,200,-1,-6339,-5210,-1129,0
11.07,201,200,-1,-6404,-5210,-1194,0
11.08,200,200,0,-1194,0,-1194,0
11.09,197,200,3,14533,15630,-1097,0
11.1,196,200,4,19970,20840,-870,0
11.11,197,200,3,14987,15630,-643,0
11.12,197,200,3,15182,15630,-448,0
11.13,195,200,5,25862,26050,-188,0
11.14,197,200,3,15702,15630,72,0
11.15,197,200,3,15897,15630,267,0
11.16,197,200,3,16092,15630,462,0
11.17,196,200,4,21529,20840,689,0
11.18,196,200,4,21789,20840,949,0
11.19,197,200,3,16806,15630,1176,0
11.2,197,200,3,17001,15630,1371,0
11.21,196,200,4,22438,20840,1598,0
11.22,196,200,4,22698,20840,1858,0
11.23,197,200,3,17715,15630,2085,0
11.24,197,200,3,17910,15630,2280,0
