0.0,199,200,1,5242,5210,32,0
0.01,194,200,6,31519,31260,259,0
0.02,183,200,17,89577,88570,1007,0
0.03,183,200,17,90684,88570,2114,0
0.04,182,200,18,97033,93780,3253,0
0.05,183,200,17,92962,88570,4392,0
0.06,183,200,17,94069,88570,5499,0
0.07,183,200,17,95176,88570,6606,0
0.08,183,200,17,96283,88570,7713,0
0.09,183,200,17,97390,88570,8820,0
0.1,183,200,17,98497,88570,9927,0
0.11,183,200,17,99604,88570,11034,0
0.12,182,200,18,105953,93780,12173,0
0.13,183,200,17,101882,88570,13312,0
0.14,183,200,17,102989,88570,14419,0
0.15,183,200,17,104096,88570,15526,0
0.16,182,200,18,110445,93780,16665,0
0.17,182,200,18,111617,93780,17837,0
0.18,182,200,18,112789,93780,19009,0
0.19,185,200,15,98233,78150,20083,0
0.2,193,200,7,57269,36470,20799,0
0.21,194,200,6,52482,31260,21222,0
0.22,193,200,7,58115,36470,21645,0
0.23,194,200,6,53328,31260,22068,0
0.24,197,200,3,37991,15630,22361,0
0.25,197,200,3,38186,15630,22556,0
0.26,197,200,3,38381,15630,22751,0
0.27,199,200,1,28091,5210,22881,0
0.28,203,200,-3,7186,-15630,22816,0
0.29,204,200,-4,1749,-20840,22589,0
0.3,203,200,-3,6732,-15630,22362,0
0.31,203,200,-3,6537,-15630,22167,0
0.32,203,200,-3,6342,-15630,21972,0
0.33,203,200,-3,6147,-15630,21777,0
0.34,204,200,-4,710,-20840,21550,0
0.35,203,200,-3,5693,-15630,21323,0
0.36,203,200,-3,5498,-15630,21128,0
0.37,204,200,-4,61,-20840,20901,0
0.38,203,200,-3,5044,-15630,20674,0
0.39,204,200,-4,-393,-20840,20447,0
0.4,205,200,-5,-5896,-26050,20154,0
0.41,206,200,-6,-11464,-31260,19796,0
0.42,206,200,-6,-11854,-31260,19406,0
0.43,206,200,-6,-12244,-31260,19016,0
0.44,206,200,-6,-12634,-31260,18626,0
0.45,206,200,-6,-13024,-31260,18236,0
0.46,206,200,-6,-13414,-31260,17846,0
0.47,206,200,-6,-13804,-31260,17456,0
0.48,206,200,-6,-14194,-31260,17066,0
0.49,206,200,-6,-14584,-31260,16676,0
0.5,206,200,-6,-14974,-31260,16286,0
0.51,206,200,-6,-15364,-31260,15896,0
0.52,205,200,-5,-10512,-26050,15538,0
0.53,206,200,-6,-16080,-31260,15180,0
0.54,206,200,-6,-16470,-31260,14790,0
0.55,206,200,-6,-16860,-31260,14400,0
0.56,206,200,-6,-17250,-31260,14010,0
0.57,206,200,-6,-17640,-31260,13620,0
0.58,206,200,-6,-18030,-31260,13230,0
0.59,206,200,-6,-18420,-31260,12840,0
0.6,205,200,-5,-13568,-26050,12482,0
0.61,206,200,-6,-19136,-31260,12124,0
0.62,206,200,-6,-19526,-31260,11734,0
0.63,206,200,-6,-19916,-31260,11344,0
0.64,204,200,-4,-9821,-20840,11019,0
0.65,203,200,-3,-4838,-15630,10792,0
0.66,204,200,-4,-10275,-20840,10565,0
0.67,204,200,-4,-10535,-20840,10305,0
0.68,203,200,-3,-5552,-15630,10078,0
0.69,203,200,-3,-5747,-15630,9883,0
0.7,204,200,-4,-11184,-20840,9656,0
0.71,203,200,-3,-6201,-15630,9429,0
0.72,203,200,-3,-6396,-15630,9234,0
0.73,203,200,-3,-6591,-15630,9039,0
0.74,204,200,-4,-12028,-20840,8812,0
0.75,203,200,-3,-7045,-15630,8585,0
0.76,203,200,-3,-7240,-15630,8390,0
0.77,203,200,-3,-7435,-15630,8195,0
0.78,203,200,-3,-7630,-15630,8000,0
0.79,204,200,-4,-13067,-20840,7773,0
0.8,203,200,-3,-8084,-15630,7546,0
0.81,203,200,-3,-8279,-15630,7351,0
0.82,204,200,-4,-13716,-20840,7124,0
0.83,203,200,-3,-8733,-15630,6897,0
0.84,203,200,-3,-8928,-15630,6702,0
0.85,203,200,-3,-9123,-15630,6507,0
0.86,204,200,-4,-14560,-20840,6280,0
0.87,203,200,-3,-9577,-15630,6053,0
0.88,202,200,-2,-4529,-10420,5891,0
0.89,201,200,-1,584,-5210,5794,0
0.9,201,200,-1,519,-5210,5729,0
0.91,202,200,-2,-4788,-10420,5632,0
0.92,201,200,-1,325,-5210,5535,0
0.93,201,200,-1,260,-5210,5470,0
0.94,201,200,-1,195,-5210,5405,0
0.95,201,200,-1,130,-5210,5340,0
0.96,201,200,-1,65,-5210,5275,0
0.97,201,200,-1,0,-5210,5210,0
0.98,201,200,-1,-65,-5210,5145,0
0.99,201,200,-1,-130,-5210,5080,0
1.0,201,200,-1,-195,-5210,5015,0
1.01,201,200,-1,-260,-5210,4950,0
1.02,201,200,-1,-325,-5210,4885,0
1.03,201,200,-1,-390,-5210,4820,0
1.04,201,200,-1,-455,-5210,4755,0
1.05,200,200,0,4755,0,4755,0
1.06,201,200,-1,-487,-5210,4723,0
1.07,201,200,-1,-552,-5210,4658,0
1.08,201,200,-1,-617,-5210,4593,0
1.09,200,200,0,4593,0,4593,0
1.1,201,200,-1,-649,-5210,4561,0
1.11,201,200,-1,-714,-5210,4496,0
1.12,201,200,-1,-779,-5210,4431,0
1.13,201,200,-1,-844,-5210,4366,0
1.14,201,200,-1,-909,-5210,4301,0
1.15,202,200,-2,-6216,-10420,4204,0
1.16,201,200,-1,-1103,-5210,4107,0
1.17,200,200,0,4107,0,4107,0
1.18,201,200,-1,-1135,-5210,4075,0
1.19,201,200,-1,-1200,-5210,4010,0
1.2,201,200,-1,-1265,-5210,3945,0
1.21,200,200,0,3945,0,3945,0
1.22,201,200,-1,-1297,-5210,3913,0
1.23,201,200,-1,-1362,-5210,3848,0
1.24,201,200,-1,-1427,-5210,3783,0
1.25,200,200,0,3783,0,3783,0
1.26,201,200,-1,-1459,-5210,3751,0
1.27,202,200,-2,-6766,-10420,3654,0
1.28,201,200,-1,-1653,-5210,3557,0
1.29,201,200,-1,-1718,-5210,3492,0
1.3,201,200,-1,-1783,-5210,3427,0
1.31,201,200,-1,-1848,-5210,3362,0
1.32,201,200,-1,-1913,-5210,3297,0
1.33,200,200,0,3297,0,3297,0
1.34,201,200,-1,-1945,-5210,3265,0
1.35,201,200,-1,-2010,-5210,3200,0
1.36,201,200,-1,-2075,-5210,3135,0
1.37,200,200,0,3135,0,3135,0
1.38,201,200,-1,-2107,-5210,3103,0
1.39,201,200,-1,-2172,-5210,3038,0
1.4,201,200,-1,-2237,-5210,2973,0
1.41,200,200,0,2973,0,2973,0
1.42,201,200,-1,-2269,-5210,2941,0
1.43,201,200,-1,-2334,-5210,2876,0
1.44,201,200,-1,-2399,-5210,2811,0
1.45,201,200,-1,-2464,-5210,2746,0
1.46,201,200,-1,-2529,-5210,2681,0
1.47,201,200,-1,-2594,-5210,2616,0
1.48,201,200,-1,-2659,-5210,2551,0
1.49,201,200,-1,-2724,-5210,2486,0
1.5,201,200,-1,-2789,-5210,2421,0
1.51,201,200,-1,-2854,-5210,2356,0
1.52,201,200,-1,-2919,-5210,2291,0
1.53,201,200,-1,-2984,-5210,2226,0
1.54,200,200,0,2226,0,2226,0
1.55,201,200,-1,-3016,-5210,2194,0
1.56,201,200,-1,-3081,-5210,2129,0
1.57,201,200,-1,-3146,-5210,2064,0
1.58,201,200,-1,-3211,-5210,1999,0
1.59,201,200,-1,-3276,-5210,1934,0
1.6,201,200,-1,-3341,-5210,1869,0
1.61,201,200,-1,-3406,-5210,1804,0
1.62,200,200,0,1804,0,1804,0
1.63,201,200,-1,-3438,-5210,1772,0
1.64,201,200,-1,-3503,-5210,1707,0
1.65,201,200,-1,-3568,-5210,1642,0
1.66,201,200,-1,-3633,-5210,1577,0
1.67,201,200,-1,-3698,-5210,1512,0
1.68,201,200,-1,-3763,-5210,1447,0
1.69,200,200,0,1447,0,1447,0
1.7,197,200,3,17174,15630,1544,0
1.71,197,200,3,17369,15630,1739,0
1.72,198,200,2,12321,10420,1901,0
1.73,197,200,3,17693,15630,2063,0
1.74,196,200,4,23130,20840,2290,0
1.75,197,200,3,18147,15630,2517,0
1.76,198,200,2,13099,10420,2679,0
1.77,197,200,3,18471,15630,2841,0
1.78,197,200,3,18666,15630,3036,0
1.79,197,200,3,18861,15630,3231,0
1.8,198,200,2,13813,10420,3393,0
1.81,197,200,3,19185,15630,3555,0
1.82,197,200,3,19380,15630,3750,0
1.83,197,200,3,19575,15630,3945,0
1.84,198,200,2,14527,10420,4107,0
1.85,197,200,3,19899,15630,4269,0
1.86,197,200,3,20094,15630,4464,0
1.87,197,200,3,20289,15630,4659,0
1.88,198,200,2,15241,10420,4821,0
1.89,197,200,3,20613,15630,4983,0
1.9,198,200,2,15565,10420,5145,0
1.91,201,200,-1,-33,-5210,5177,0
1.92,201,200,-1,-98,-5210,5112,0
1.93,199,200,1,10322,5210,5112,0
1.94,200,200,0,5112,0,5112,0
1.95,200,200,0,5112,0,5112,0
1.96,201,200,-1,-130,-5210,5080,0
1.97,201,200,-1,-195,-5210,5015,0
1.98,201,200,-1,-260,-5210,4950,0
1.99,203,200,-3,-10810,-15630,4820,0
2.0,204,200,-4,-16247,-20840,4593,0
2.01,203,200,-3,-11264,-15630,4366,0
2.02,203,200,-3,-11459,-15630,4171,0
2.03,203,200,-3,-11654,-15630,3976,0
2.04,204,200,-4,-17091,-20840,3749,0
2.05,203,200,-3,-12108,-15630,3522,0
2.06,203,200,-3,-12303,-15630,3327,0
2.07,203,200,-3,-12498,-15630,3132,0
2.08,204,200,-4,-17935,-20840,2905,0
2.09,203,200,-3,-12952,-15630,2678,0
2.1,203,200,-3,-13147,-15630,2483,0
2.11,203,200,-3,-13342,-15630,2288,0
2.12,203,200,-3,-13537,-15630,2093,0
2.13,203,200,-3,-13732,-15630,1898,0
2.14,203,200,-3,-13927,-15630,1703,0
2.15,203,200,-3,-14122,-15630,1508,0
2.16,203,200,-3,-14317,-15630,1313,0
2.17,204,200,-4,-19754,-20840,1086,0
2.18,202,200,-2,-9529,-10420,891,0
2.19,200,200,0,891,0,891,0
2.2,200,200,0,891,0,891,0
2.21,201,200,-1,-4351,-5210,859,0
2.22,200,200,0,859,0,859,0
2.23,200,200,0,859,0,859,0
2.24,201,200,-1,-4383,-5210,827,0
2.25,201,200,-1,-4448,-5210,762,0
2.26,200,200,0,762,0,762,0
2.27,200,200,0,762,0,762,0
2.28,201,200,-1,-4480,-5210,730,0
2.29,201,200,-1,-4545,-5210,665,0
2.3,200,200,0,665,0,665,0
2.31,200,200,0,665,0,665,0
2.32,201,200,-1,-4577,-5210,633,0
2.33,201,200,-1,-4642,-5210,568,0
2.34,200,200,0,568,0,568,0
2.35,200,200,0,568,0,568,0
2.36,201,200,-1,-4674,-5210,536,0
2.37,201,200,-1,-4739,-5210,471,0
2.38,200,200,0,471,0,471,0
2.39,200,200,0,471,0,471,0
2.4,200,200,0,471,0,471,0
2.41,201,200,-1,-4771,-5210,439,0
2.42,200,200,0,439,0,439,0
2.43,200,200,0,439,0,439,0
2.44,200,200,0,439,0,439,0
2.45,201,200,-1,-4803,-5210,407,0
2.46,200,200,0,407,0,407,0
2.47,200,200,0,407,0,407,0
2.48,200,200,0,407,0,407,0
2.49,201,200,-1,-4835,-5210,375,0
2.5,200,200,0,375,0,375,0
2.51,200,200,0,375,0,375,0
2.52,200,200,0,375,0,375,0
2.53,201,200,-1,-4867,-5210,343,0
2.54,201,200,-1,-4932,-5210,278,0
2.55,200,200,0,278,0,278,0
2.56,200,200,0,278,0,278,0
2.57,201,200,-1,-4964,-5210,246,0
2.58,200,200,0,246,0,246,0
2.59,199,200,1,5488,5210,278,0
2.6,200,200,0,278,0,278,0
2.61,201,200,-1,-4964,-5210,246,0
2.62,201,200,-1,-5029,-5210,181,0
2.63,200,200,0,181,0,181,0
2.64,200,200,0,181,0,181,0
2.65,201,200,-1,-5061,-5210,149,0
2.66,201,200,-1,-5126,-5210,84,0
2.67,200,200,0,84,0,84,0
2.68,200,200,0,84,0,84,0
2.69,201,200,-1,-5158,-5210,52,0
2.7,201,200,-1,-5223,-5210,-13,0
2.71,200,200,0,-13,0,-13,0
2.72,200,200,0,-13,0,-13,0
2.73,201,200,-1,-5255,-5210,-45,0
2.74,201,200,-1,-5320,-5210,-110,0
2.75,200,200,0,-110,0,-110,0
2.76,200,200,0,-110,0,-110,0
2.77,200,200,0,-110,0,-110,0
2.78,201,200,-1,-5352,-5210,-142,0
2.79,198,200,2,10310,10420,-110,0
2.8,196,200,4,20925,20840,85,0
2.81,196,200,4,21185,20840,345,0
2.82,198,200,2,10960,10420,540,0
2.83,196,200,4,21575,20840,735,0
2.84,196,200,4,21835,20840,995,0
2.85,197,200,3,16852,15630,1222,0
2.86,197,200,3,17047,15630,1417,0
2.87,196,200,4,22484,20840,1644,0
2.88,196,200,4,22744,20840,1904,0
2.89,198,200,2,12519,10420,2099,0
2.9,198,200,2,12649,10420,2229,0
2.91,197,200,3,18021,15630,2391,0
2.92,197,200,3,18216,15630,2586,0
2.93,198,200,2,13168,10420,2748,0
2.94,198,200,2,13298,10420,2878,0
2.95,198,200,2,13428,10420,3008,0
2.96,200,200,0,3008,0,3008,0
2.97,202,200,-2,-7477,-10420,2943,0
2.98,201,200,-1,-2364,-5210,2846,0
2.99,201,200,-1,-2429,-5210,2781,0
3.0,201,200,-1,-2494,-5210,2716,0
3.01,201,200,-1,-2559,-5210,2651,0
3.02,202,200,-2,-7866,-10420,2554,0
3.03,201,200,-1,-2753,-5210,2457,0
3.04,203,200,-3,-13303,-15630,2327,0
3.05,204,200,-4,-18740,-20840,2100,0
3.06,204,200,-4,-19000,-20840,1840,0
3.07,203,200,-3,-14017,-15630,1613,0
3.08,201,200,-1,-3727,-5210,1483,0
3.09,200,200,0,1483,0,1483,0
3.1,202,200,-2,-9002,-10420,1418,0
3.11,201,200,-1,-3889,-5210,1321,0
3.12,200,200,0,1321,0,1321,0
3.13,201,200,-1,-3921,-5210,1289,0
3.14,201,200,-1,-3986,-5210,1224,0
3.15,201,200,-1,-4051,-5210,1159,0
3.16,201,200,-1,-4116,-5210,1094,0
3.17,201,200,-1,-4181,-5210,1029,0
3.18,201,200,-1,-4246,-5210,964,0
3.19,201,200,-1,-4311,-5210,899,0
3.2,201,200,-1,-4376,-5210,834,0
3.21,201,200,-1,-4441,-5210,769,0
3.22,201,200,-1,-4506,-5210,704,0
3.23,201,200,-1,-4571,-5210,639,0
3.24,201,200,-1,-4636,-5210,574,0
3.25,201,200,-1,-4701,-5210,509,0
3.26,201,200,-1,-4766,-5210,444,0
3.27,201,200,-1,-4831,-5210,379,0
3.28,201,200,-1,-4896,-5210,314,0
3.29,201,200,-1,-4961,-5210,249,0
3.3,201,200,-1,-5026,-5210,184,0
3.31,201,200,-1,-5091,-5210,119,0
3.32,201,200,-1,-5156,-5210,54,0
3.33,201,200,-1,-5221,-5210,-11,0
3.34,201,200,-1,-5286,-5210,-76,0
3.35,201,200,-1,-5351,-5210,-141,0
3.36,201,200,-1,-5416,-5210,-206,0
3.37,201,200,-1,-5481,-5210,-271,0
3.38,201,200,-1,-5546,-5210,-336,0
3.39,201,200,-1,-5611,-5210,-401,0
3.4,201,200,-1,-5676,-5210,-466,0
3.41,201,200,-1,-5741,-5210,-531,0
3.42,201,200,-1,-5806,-5210,-596,0
3.43,201,200,-1,-5871,-5210,-661,0
3.44,201,200,-1,-5936,-5210,-726,0
3.45,201,200,-1,-6001,-5210,-791,0
3.46,201,200,-1,-6066,-5210,-856,0
3.47,201,200,-1,-6131,-5210,-921,0
3.48,201,200,-1,-6196,-5210,-986,0
3.49,201,200,-1,-6261,-5210,-1051,0
3.5,201,200,-1,-6326,-5210,-1116,0
3.51,201,200,-1,-6391,-5210,-1181,0
3.52,201,200,-1,-6456,-5210,-1246,0
3.53,201,200,-1,-6521,-5210,-1311,0
3.54,201,200,-1,-6586,-5210,-1376,0
3.55,201,200,-1,-6651,-5210,-1441,0
3.56,201,200,-1,-6716,-5210,-1506,0
3.57,200,200,0,-1506,0,-1506,0
3.58,201,200,-1,-6748,-5210,-1538,0
3.59,201,200,-1,-6813,-5210,-1603,0
3.6,200,200,0,-1603,0,-1603,0
3.61,197,200,3,14124,15630,-1506,0
3.62,197,200,3,14319,15630,-1311,0
3.63,198,200,2,9271,10420,-1149,0
3.64,197,200,3,14643,15630,-987,0
3.65,196,200,4,20080,20840,-760,0
3.66,197,200,3,15097,15630,-533,0
3.67,198,200,2,10049,10420,-371,0
3.68,197,200,3,15421,15630,-209,0
3.69,197,200,3,15616,15630,-14,0
3.7,197,200,3,15811,15630,181,0
3.71,198,200,2,10763,10420,343,0
3.72,197,200,3,16135,15630,505,0
3.73,197,200,3,16330,15630,700,0
3.74,197,200,3,16525,15630,895,0
3.75,198,200,2,11477,10420,1057,0
3.76,197,200,3,16849,15630,1219,0
3.77,197,200,3,17044,15630,1414,0
3.78,197,200,3,17239,15630,1609,0
3.79,198,200,2,12191,10420,1771,0
3.8,197,200,3,17563,15630,1933,0
3.81,197,200,3,17758,15630,2128,0
3.82,197,200,3,17953,15630,2323,0
3.83,198,200,2,12905,10420,2485,0
3.84,197,200,3,18277,15630,2647,0
3.85,197,200,3,18472,15630,2842,0
3.86,197,200,3,18667,15630,3037,0
3.87,198,200,2,13619,10420,3199,0
3.88,198,200,2,13749,10420,3329,0
3.89,198,200,2,13879,10420,3459,0
3.9,201,200,-1,-1719,-5210,3491,0
3.91,201,200,-1,-1784,-5210,3426,0
3.92,200,200,0,3426,0,3426,0
3.93,200,200,0,3426,0,3426,0
3.94,200,200,0,3426,0,3426,0
3.95,201,200,-1,-1816,-5210,3394,0
3.96,201,200,-1,-1881,-5210,3329,0
3.97,199,200,1,8539,5210,3329,0
3.98,200,200,0,3329,0,3329,0
3.99,201,200,-1,-1913,-5210,3297,0
4.0,201,200,-1,-1978,-5210,3232,0
4.01,201,200,-1,-2043,-5210,3167,0
4.02,203,200,-3,-12593,-15630,3037,0
4.03,204,200,-4,-18030,-20840,2810,0
4.04,203,200,-3,-13047,-15630,2583,0
4.05,202,200,-2,-7999,-10420,2421,0
4.06,200,200,0,2421,0,2421,0
4.07,200,200,0,2421,0,2421,0
4.08,201,350,-1,-2821,-5210,2389,0
4.09,201,350,-1,-2886,-5210,2324,0
4.1,203,350,147,250000,765870,7077,0
4.11,204,350,146,250000,760660,3544,0
4.12,203,350,147,250000,765870,229,0
4.13,202,350,148,250000,771080,-3068,0
4.14,200,350,150,250000,781500,-6315,0
4.15,200,350,150,250000,781500,-9676,0
4.16,201,350,149,250000,776290,-12986,0
4.17,201,350,149,250000,776290,-16115,0
4.18,205,350,145,250000,755450,-19296,0
4.19,207,350,143,250000,745030,-22072,0
4.2,206,350,144,250000,750240,-24551,0
4.21,209,350,141,250000,734610,-27163,0
4.22,215,350,135,250000,703350,-29612,0
4.23,218,350,132,250000,687720,-31511,0
4.24,216,350,134,250000,698140,-33005,0
4.25,218,350,132,250000,687720,-34722,0
4.26,223,350,127,250000,661670,-36363,0
4.27,225,350,125,250000,651250,-37540,0
4.28,225,350,125,250000,651250,-38492,0
4.29,226,350,124,250000,646040,-39453,0
4.3,233,350,117,250000,609570,-40520,0
4.31,237,350,113,250000,588730,-41007,0
4.32,233,350,117,250000,609570,-40962,0
4.33,237,350,113,250000,588730,-41438,0
4.34,244,350,106,250000,552260,-41739,0
4.35,248,350,102,250000,531420,-41480,0
4.36,246,350,104,250000,541840,-40772,0
4.37,247,350,103,250000,536630,-40309,0
4.38,254,350,96,250000,500160,-39988,0
4.39,259,350,91,250000,474110,-39154,0
4.4,257,350,93,250000,484530,-37787,0
4.41,258,350,92,250000,479320,-36682,0
4.42,265,350,85,250000,442850,-35735,0
4.43,269,350,81,250000,422010,-34258,0
4.44,268,350,82,250000,427220,-32395,0
4.45,269,350,81,250000,422010,-30709,0
4.46,275,350,75,250000,390750,-29163,0
4.47,280,350,70,250000,364700,-27232,0
4.48,279,350,71,250000,369910,-24828,0
4.49,279,350,71,250000,369910,-22582,0
4.5,285,350,65,250000,338650,-20588,0
4.51,289,350,61,250000,317810,-18187,0
4.52,289,350,61,250000,317810,-15456,0
4.53,289,350,61,250000,317810,-12793,0
4.54,293,350,57,250000,296970,-10327,0
4.55,298,350,52,250000,270920,-7695,0
4.56,297,350,53,250000,276130,-4607,0
4.57,297,350,53,250000,276130,-1694,0
4.58,304,350,46,240578,239660,918,0
4.59,312,350,38,201633,197980,3653,0
4.6,312,350,38,204107,197980,6127,0
4.61,311,350,39,211824,203190,8634,0
4.62,317,350,33,182908,171930,10978,0
4.63,323,350,27,153601,140670,12931,0
4.64,323,350,27,155359,140670,14689,0
4.65,322,350,28,162359,145880,16479,0
4.66,327,350,23,137969,119830,18139,0
4.67,334,350,16,102768,83360,19408,0
4.68,335,350,15,98567,78150,20417,0
4.69,333,350,17,110028,88570,21458,0
4.7,337,350,13,90164,67730,22434,0
4.71,342,350,8,64797,41680,23117,0
4.72,343,350,7,60075,36470,23605,0
4.73,342,350,8,65773,41680,24093,0
4.74,345,350,5,50566,26050,24516,0
4.75,350,350,0,24516,0,24516,0
4.76,351,350,-1,19274,-5210,24484,0
4.77,350,350,0,24484,0,24484,0
4.78,351,350,-1,19242,-5210,24452,0
4.79,353,350,-3,8692,-15630,24322,0
4.8,355,350,-5,-1988,-26050,24062,0
4.81,354,350,-4,2929,-20840,23769,0
4.82,353,350,-3,7912,-15630,23542,0
4.83,353,350,-3,7717,-15630,23347,0
4.84,354,350,-4,2280,-20840,23120,0
4.85,354,350,-4,2020,-20840,22860,0
4.86,354,350,-4,1760,-20840,22600,0
4.87,353,350,-3,6743,-15630,22373,0
4.88,354,350,-4,1306,-20840,22146,0
4.89,355,350,-5,-4197,-26050,21853,0
4.9,355,350,-5,-4522,-26050,21528,0
4.91,354,350,-4,395,-20840,21235,0
4.92,354,350,-4,135,-20840,20975,0
4.93,355,350,-5,-5368,-26050,20682,0
4.94,354,350,-4,-451,-20840,20389,0
4.95,354,350,-4,-711,-20840,20129,0
4.96,355,350,-5,-6214,-26050,19836,0
4.97,355,350,-5,-6539,-26050,19511,0
4.98,354,350,-4,-1622,-20840,19218,0
4.99,354,350,-4,-1882,-20840,18958,0
5.0,355,350,-5,-7385,-26050,18665,0
5.01,355,350,-5,-7710,-26050,18340,0
5.02,354,350,-4,-2793,-20840,18047,0
5.03,354,350,-4,-3053,-20840,17787,0
5.04,354,350,-4,-3313,-20840,17527,0
5.05,355,350,-5,-8816,-26050,17234,0
5.06,355,350,-5,-9141,-26050,16909,0
5.07,354,350,-4,-4224,-20840,16616,0
5.08,354,350,-4,-4484,-20840,16356,0
5.09,355,350,-5,-9987,-26050,16063,0
5.1,355,350,-5,-10312,-26050,15738,0
5.11,354,350,-4,-5395,-20840,15445,0
5.12,354,350,-4,-5655,-20840,15185,0
5.13,355,350,-5,-11158,-26050,14892,0
5.14,354,350,-4,-6241,-20840,14599,0
5.15,354,350,-4,-6501,-20840,14339,0
5.16,354,350,-4,-6761,-20840,14079,0
5.17,355,350,-5,-12264,-26050,13786,0
5.18,355,350,-5,-12589,-26050,13461,0
5.19,354,350,-4,-7672,-20840,13168,0
5.2,354,350,-4,-7932,-20840,12908,0
5.21,355,350,-5,-13435,-26050,12615,0
5.22,355,350,-5,-13760,-26050,12290,0
5.23,354,350,-4,-8843,-20840,11997,0
5.24,354,350,-4,-9103,-20840,11737,0
5.25,355,350,-5,-14606,-26050,11444,0
5.26,355,350,-5,-14931,-26050,11119,0
5.27,354,350,-4,-10014,-20840,10826,0
5.28,354,350,-4,-10274,-20840,10566,0
5.29,355,350,-5,-15777,-26050,10273,0
5.3,355,350,-5,-16102,-26050,9948,0
5.31,354,350,-4,-11185,-20840,9655,0
5.32,354,350,-4,-11445,-20840,9395,0
5.33,355,350,-5,-16948,-26050,9102,0
5.34,355,350,-5,-17273,-26050,8777,0
5.35,354,350,-4,-12356,-20840,8484,0
5.36,354,350,-4,-12616,-20840,8224,0
5.37,355,350,-5,-18119,-26050,7931,0
5.38,355,350,-5,-18444,-26050,7606,0
5.39,352,350,-2,-3041,-10420,7379,0
5.4,350,350,0,7379,0,7379,0
5.41,350,350,0,7379,0,7379,0
5.42,351,350,-1,2137,-5210,7347,0
5.43,350,350,0,7347,0,7347,0
5.44,350,350,0,7347,0,7347,0
5.45,350,350,0,7347,0,7347,0
5.46,351,350,-1,2105,-5210,7315,0
5.47,350,350,0,7315,0,7315,0
5.48,350,350,0,7315,0,7315,0
5.49,351,350,-1,2073,-5210,7283,0
5.5,351,350,-1,2008,-5210,7218,0
5.51,350,350,0,7218,0,7218,0
5.52,350,350,0,7218,0,7218,0
5.53,351,350,-1,1976,-5210,7186,0
5.54,351,350,-1,1911,-5210,7121,0
5.55,350,350,0,7121,0,7121,0
5.56,350,350,0,7121,0,7121,0
5.57,351,350,-1,1879,-5210,7089,0
5.58,351,350,-1,1814,-5210,7024,0
5.59,350,350,0,7024,0,7024,0
5.6,350,350,0,7024,0,7024,0
5.61,350,350,0,7024,0,7024,0
5.62,351,350,-1,1782,-5210,6992,0
5.63,350,350,0,6992,0,6992,0
5.64,350,350,0,6992,0,6992,0
5.65,350,350,0,6992,0,6992,0
5.66,351,350,-1,1750,-5210,6960,0
5.67,350,350,0,6960,0,6960,0
5.68,350,350,0,6960,0,6960,0
5.69,350,350,0,6960,0,6960,0
5.7,351,350,-1,1718,-5210,6928,0
5.71,350,350,0,6928,0,6928,0
5.72,350,350,0,6928,0,6928,0
5.73,350,350,0,6928,0,6928,0
5.74,351,350,-1,1686,-5210,6896,0
5.75,350,350,0,6896,0,6896,0
5.76,350,350,0,6896,0,6896,0
5.77,350,350,0,6896,0,6896,0
5.78,351,350,-1,1654,-5210,6864,0
5.79,351,350,-1,1589,-5210,6799,0
5.8,350,350,0,6799,0,6799,0
5.81,350,350,0,6799,0,6799,0
5.82,351,350,-1,1557,-5210,6767,0
5.83,351,350,-1,1492,-5210,6702,0
5.84,350,350,0,6702,0,6702,0
5.85,350,350,0,6702,0,6702,0
5.86,351,350,-1,1460,-5210,6670,0
5.87,351,350,-1,1395,-5210,6605,0
5.88,350,350,0,6605,0,6605,0
5.89,349,350,1,11847,5210,6637,0
5.9,350,350,0,6637,0,6637,0
5.91,350,350,0,6637,0,6637,0
5.92,350,350,0,6637,0,6637,0
5.93,350,350,0,6637,0,6637,0
5.94,350,350,0,6637,0,6637,0
5.95,350,350,0,6637,0,6637,0
5.96,350,350,0,6637,0,6637,0
5.97,350,350,0,6637,0,6637,0
5.98,350,350,0,6637,0,6637,0
5.99,350,350,0,6637,0,6637,0
6.0,350,350,0,6637,0,6637,0
6.01,350,350,0,6637,0,6637,0
6.02,350,350,0,6637,0,6637,0
6.03,350,350,0,6637,0,6637,0
6.04,350,350,0,6637,0,6637,0
6.05,350,350,0,6637,0,6637,0
6.06,350,350,0,6637,0,6637,0
6.07,350,350,0,6637,0,6637,0
6.08,350,350,0,6637,0,6637,0
6.09,350,350,0,6637,0,6637,0
6.1,350,350,0,6637,0,6637,0
6.11,350,350,0,6637,0,6637,0
6.12,350,350,0,6637,0,6637,0
6.13,350,350,0,6637,0,6637,0
6.14,348,350,2,17122,10420,6702,0
6.15,350,350,0,6702,0,6702,0
6.16,350,350,0,6702,0,6702,0
6.17,350,350,0,6702,0,6702,0
6.18,350,350,0,6702,0,6702,0
6.19,350,350,0,6702,0,6702,0
6.2,350,350,0,6702,0,6702,0
6.21,350,350,0,6702,0,6702,0
6.22,351,350,-1,1460,-5210,6670,0
6.23,350,350,0,6670,0,6670,0
6.24,350,350,0,6670,0,6670,0
6.25,349,350,1,11912,5210,6702,0
6.26,350,350,0,6702,0,6702,0
6.27,350,350,0,6702,0,6702,0
6.28,350,350,0,6702,0,6702,0
6.29,350,350,0,6702,0,6702,0
6.3,350,350,0,6702,0,6702,0
6.31,350,350,0,6702,0,6702,0
6.32,350,350,0,6702,0,6702,0
6.33,350,350,0,6702,0,6702,0
6.34,350,350,0,6702,0,6702,0
6.35,350,350,0,6702,0,6702,0
6.36,350,350,0,6702,0,6702,0
6.37,350,350,0,6702,0,6702,0
6.38,350,350,0,6702,0,6702,0
6.39,350,350,0,6702,0,6702,0
6.4,350,350,0,6702,0,6702,0
6.41,350,350,0,6702,0,6702,0
6.42,350,350,0,6702,0,6702,0
6.43,350,350,0,6702,0,6702,0
6.44,350,350,0,6702,0,6702,0
6.45,350,350,0,6702,0,6702,0
6.46,350,350,0,6702,0,6702,0
6.47,350,350,0,6702,0,6702,0
6.48,348,350,2,17187,10420,6767,0
6.49,350,350,0,6767,0,6767,0
6.5,350,350,0,6767,0,6767,0
6.51,350,350,0,6767,0,6767,0
6.52,350,350,0,6767,0,6767,0
6.53,350,350,0,6767,0,6767,0
6.54,350,350,0,6767,0,6767,0
6.55,350,350,0,6767,0,6767,0
6.56,350,350,0,6767,0,6767,0
6.57,349,350,1,12009,5210,6799,0
6.58,350,350,0,6799,0,6799,0
6.59,350,350,0,6799,0,6799,0
6.6,350,350,0,6799,0,6799,0
6.61,350,350,0,6799,0,6799,0
6.62,350,350,0,6799,0,6799,0
6.63,350,350,0,6799,0,6799,0
6.64,350,350,0,6799,0,6799,0
6.65,350,350,0,6799,0,6799,0
6.66,350,350,0,6799,0,6799,0
6.67,350,350,0,6799,0,6799,0
6.68,350,350,0,6799,0,6799,0
6.69,350,350,0,6799,0,6799,0
6.7,350,350,0,6799,0,6799,0
6.71,350,350,0,6799,0,6799,0
6.72,350,350,0,6799,0,6799,0
6.73,350,350,0,6799,0,6799,0
6.74,350,350,0,6799,0,6799,0
6.75,350,350,0,6799,0,6799,0
6.76,350,350,0,6799,0,6799,0
6.77,350,350,0,6799,0,6799,0
6.78,350,350,0,6799,0,6799,0
6.79,350,350,0,6799,0,6799,0
6.8,350,350,0,6799,0,6799,0
6.81,350,350,0,6799,0,6799,0
6.82,350,350,0,6799,0,6799,0
6.83,350,350,0,6799,0,6799,0
6.84,350,350,0,6799,0,6799,0
6.85,350,350,0,6799,0,6799,0
6.86,350,350,0,6799,0,6799,0
6.87,350,350,0,6799,0,6799,0
6.88,350,350,0,6799,0,6799,0
6.89,350,350,0,6799,0,6799,0
6.9,350,350,0,6799,0,6799,0
6.91,350,350,0,6799,0,6799,0
6.92,351,350,-1,1557,-5210,6767,0
6.93,350,350,0,6767,0,6767,0
6.94,350,350,0,6767,0,6767,0
6.95,350,350,0,6767,0,6767,0
6.96,351,350,-1,1525,-5210,6735,0
6.97,350,350,0,6735,0,6735,0
6.98,350,350,0,6735,0,6735,0
6.99,350,350,0,6735,0,6735,0
7.0,351,350,-1,1493,-5210,6703,0
7.01,350,350,0,6703,0,6703,0
7.02,350,350,0,6703,0,6703,0
7.03,350,350,0,6703,0,6703,0
7.04,351,350,-1,1461,-5210,6671,0
7.05,351,350,-1,1396,-5210,6606,0
7.06,350,350,0,6606,0,6606,0
7.07,350,350,0,6606,0,6606,0
7.08,351,350,-1,1364,-5210,6574,0
7.09,351,350,-1,1299,-5210,6509,0
7.1,350,350,0,6509,0,6509,0
7.11,350,350,0,6509,0,6509,0
7.12,351,350,-1,1267,-5210,6477,0
7.13,351,350,-1,1202,-5210,6412,0
7.14,350,350,0,6412,0,6412,0
7.15,350,350,0,6412,0,6412,0
7.16,351,350,-1,1170,-5210,6380,0
7.17,351,350,-1,1105,-5210,6315,0
7.18,350,350,0,6315,0,6315,0
7.19,350,350,0,6315,0,6315,0
7.2,351,350,-1,1073,-5210,6283,0
7.21,351,350,-1,1008,-5210,6218,0
7.22,350,350,0,6218,0,6218,0
7.23,350,350,0,6218,0,6218,0
7.24,351,350,-1,976,-5210,6186,0
7.25,351,350,-1,911,-5210,6121,0
7.26,350,350,0,6121,0,6121,0
7.27,350,350,0,6121,0,6121,0
7.28,350,350,0,6121,0,6121,0
7.29,352,350,-2,-4364,-10420,6056,0
7.3,350,350,0,6056,0,6056,0
7.31,350,350,0,6056,0,6056,0
7.32,350,350,0,6056,0,6056,0
7.33,351,350,-1,814,-5210,6024,0
7.34,350,350,0,6024,0,6024,0
7.35,350,350,0,6024,0,6024,0
7.36,351,350,-1,782,-5210,5992,0
7.37,351,350,-1,717,-5210,5927,0
7.38,350,350,0,5927,0,5927,0
7.39,350,350,0,5927,0,5927,0
7.4,351,350,-1,685,-5210,5895,0
7.41,351,350,-1,620,-5210,5830,0
7.42,350,350,0,5830,0,5830,0
7.43,350,350,0,5830,0,5830,0
7.44,351,350,-1,588,-5210,5798,0
7.45,351,350,-1,523,-5210,5733,0
7.46,350,350,0,5733,0,5733,0
7.47,350,350,0,5733,0,5733,0
7.48,351,350,-1,491,-5210,5701,0
7.49,351,350,-1,426,-5210,5636,0
7.5,350,350,0,5636,0,5636,0
7.51,350,350,0,5636,0,5636,0
7.52,351,350,-1,394,-5210,5604,0
7.53,351,350,-1,329,-5210,5539,0
7.54,350,350,0,5539,0,5539,0
7.55,350,350,0,5539,0,5539,0
7.56,350,350,0,5539,0,5539,0
7.57,351,350,-1,297,-5210,5507,0
7.58,350,350,0,5507,0,5507,0
7.59,350,350,0,5507,0,5507,0
7.6,350,350,0,5507,0,5507,0
7.61,351,350,-1,265,-5210,5475,0
7.62,350,350,0,5475,0,5475,0
7.63,350,350,0,5475,0,5475,0
7.64,350,350,0,5475,0,5475,0
7.65,351,350,-1,233,-5210,5443,0
7.66,351,350,-1,168,-5210,5378,0
7.67,350,350,0,5378,0,5378,0
7.68,350,350,0,5378,0,5378,0
7.69,351,350,-1,136,-5210,5346,0
7.7,351,350,-1,71,-5210,5281,0
7.71,350,350,0,5281,0,5281,0
7.72,350,350,0,5281,0,5281,0
7.73,350,350,0,5281,0,5281,0
7.74,351,350,-1,39,-5210,5249,0
7.75,350,350,0,5249,0,5249,0
7.76,350,350,0,5249,0,5249,0
7.77,351,350,-1,7,-5210,5217,0
7.78,351,350,-1,-58,-5210,5152,0
7.79,350,350,0,5152,0,5152,0
7.8,350,350,0,5152,0,5152,0
7.81,351,350,-1,-90,-5210,5120,0
7.82,351,350,-1,-155,-5210,5055,0
7.83,350,350,0,5055,0,5055,0
7.84,350,350,0,5055,0,5055,0
7.85,351,350,-1,-187,-5210,5023,0
7.86,351,350,-1,-252,-5210,4958,0
7.87,350,350,0,4958,0,4958,0
7.88,350,350,0,4958,0,4958,0
7.89,350,350,0,4958,0,4958,0
7.9,350,350,0,4958,0,4958,0
7.91,350,350,0,4958,0,4958,0
7.92,350,350,0,4958,0,4958,0
7.93,350,350,0,4958,0,4958,0
7.94,350,350,0,4958,0,4958,0
7.95,350,350,0,4958,0,4958,0
7.96,350,350,0,4958,0,4958,0
7.97,350,350,0,4958,0,4958,0
7.98,350,350,0,4958,0,4958,0
7.99,350,350,0,4958,0,4958,0
8.0,350,350,0,4958,0,4958,0
8.01,350,350,0,4958,0,4958,0
8.02,350,350,0,4958,0,4958,0
8.03,351,350,-1,-284,-5210,4926,0
8.04,350,350,0,4926,0,4926,0
8.05,350,350,0,4926,0,4926,0
8.06,350,350,0,4926,0,4926,0
8.07,350,350,0,4926,0,4926,0
8.08,350,350,0,4926,0,4926,0
8.09,350,350,0,4926,0,4926,0
8.1,350,350,0,4926,0,4926,0
8.11,350,350,0,4926,0,4926,0
8.12,350,350,0,4926,0,4926,0
8.13,350,350,0,4926,0,4926,0
8.14,350,350,0,4926,0,4926,0
8.15,350,350,0,4926,0,4926,0
8.16,350,350,0,4926,0,4926,0
8.17,350,350,0,4926,0,4926,0
8.18,350,350,0,4926,0,4926,0
8.19,350,350,0,4926,0,4926,0
8.2,350,350,0,4926,0,4926,0
8.21,350,350,0,4926,0,4926,0
8.22,350,350,0,4926,0,4926,0
8.23,350,350,0,4926,0,4926,0
8.24,349,350,1,10168,5210,4958,0
8.25,350,350,0,4958,0,4958,0
8.26,350,350,0,4958,0,4958,0
8.27,350,350,0,4958,0,4958,0
8.28,350,350,0,4958,0,4958,0
8.29,350,350,0,4958,0,4958,0
