0.0,201,200,-1,21679,-5210,26889,0
0.01,201,200,-1,21679,-5210,26889,0
0.02,201,200,-1,-250000,-5210,0,-286000
0.03,200,200,0,-250000,0,0,-286000
0.04,201,200,-1,-250000,-5210,0,-260000
0.05,201,200,-1,-239210,-5210,0,-234000
0.06,200,200,0,-234000,0,0,-234000
0.07,200,200,0,-208000,0,0,-208000
0.08,201,200,-1,-213210,-5210,0,-208000
0.09,201,200,-1,-187210,-5210,0,-182000
0.1,201,200,-1,-187210,-5210,0,-182000
0.11,200,200,0,-182000,0,0,-182000
0.12,201,200,-1,-161210,-5210,0,-156000
0.13,201,200,-1,-161210,-5210,0,-156000
0.14,201,200,-1,-135210,-5210,0,-130000
0.15,200,200,0,-130000,0,0,-130000
0.16,201,200,-1,-135210,-5210,0,-130000
0.17,201,200,-1,-135210,-5210,0,-130000
0.18,200,200,0,-104000,0,0,-104000
0.19,199,200,1,-98790,5210,0,-104000
0.2,200,200,0,-104000,0,0,-104000
0.21,201,200,-1,-109210,-5210,0,-104000
0.22,200,200,0,-78000,0,0,-78000
0.23,199,200,1,-72790,5210,0,-78000
0.24,200,200,0,-78000,0,0,-78000
0.25,201,200,-1,-83210,-5210,0,-78000
0.26,200,200,0,-78000,0,0,-78000
0.27,199,200,1,-46790,5210,0,-52000
0.28,200,200,0,-52000,0,0,-52000
0.29,201,200,-1,-57210,-5210,0,-52000
0.3,200,200,0,-52000,0,0,-52000
0.31,199,200,1,-46790,5210,0,-52000
0.32,200,200,0,-52000,0,0,-52000
0.33,201,200,-1,-57210,-5210,0,-52000
0.34,200,200,0,-52000,0,0,-52000
0.35,199,200,1,-20790,5210,0,-26000
0.36,200,200,0,-26000,0,0,-26000
0.37,201,200,-1,-31210,-5210,0,-26000
0.38,200,200,0,-26000,0,0,-26000
0.39,200,200,0,-26000,0,0,-26000
0.4,200,200,0,-26000,0,0,-26000
0.41,201,200,-1,-31210,-5210,0,-26000
0.42,200,200,0,-26000,0,0,-26000
0.43,199,200,1,-20790,5210,0,-26000
0.44,200,200,0,-26000,0,0,-26000
0.45,200,200,0,-26000,0,0,-26000
0.46,200,200,0,-26000,0,0,-26000
0.47,199,200,1,-20790,5210,0,-26000
0.48,200,200,0,-26000,0,0,-26000
0.49,200,200,0,-26000,0,0,-26000
0.5,200,200,0,-26000,0,0,-26000
0.51,199,200,1,5210,5210,0,0
0.52,200,200,0,-26000,0,0,-26000
0.53,200,200,0,0,0,0,0
0.54,200,200,0,0,0,0,0
0.55,199,200,1,5210,5210,0,0
0.56,200,200,0,0,0,0,0
0.57,200,200,0,0,0,0,0
0.58,200,200,0,0,0,0,0
0.59,200,200,0,0,0,0,0
0.6,200,200,0,0,0,0,0
0.61,201,200,-1,-31210,-5210,0,-26000
0.62,201,200,-1,-5210,-5210,0,0
0.63,200,200,0,0,0,0,0
0.64,200,200,0,0,0,0,0
0.65,200,200,0,0,0,0,0
0.66,201,200,-1,-5210,-5210,0,0
0.67,200,200,0,0,0,0,0
0.68,199,200,1,5210,5210,0,0
0.69,200,200,0,0,0,0,0
0.7,200,200,0,0,0,0,0
0.71,200,200,0,0,0,0,0
0.72,199,200,1,5210,5210,0,0
0.73,200,200,0,0,0,0,0
0.74,201,200,-1,-5210,-5210,0,0
0.75,200,200,0,0,0,0,0
0.76,200,200,0,0,0,0,0
0.77,200,200,0,0,0,0,0
0.78,201,200,-1,-5210,-5210,0,0
0.79,200,200,0,0,0,0,0
0.8,200,200,0,0,0,0,0
0.81,200,200,0,0,0,0,0
0.82,201,200,-1,-5210,-5210,0,0
0.83,199,200,1,5210,5210,0,0
0.84,199,200,1,5210,5210,0,0
0.85,200,200,0,0,0,0,0
0.86,201,200,-1,-5210,-5210,0,0
0.87,200,200,0,0,0,0,0
0.88,200,200,0,0,0,0,0
0.89,200,200,0,0,0,0,0
0.9,201,200,-1,-5210,-5210,0,0
0.91,200,200,0,0,0,0,0
0.92,199,200,1,5210,5210,0,0
0.93,200,200,0,0,0,0,0
0.94,201,200,-1,-5210,-5210,0,0
0.95,201,200,-1,-5210,-5210,0,0
0.96,200,200,0,0,0,0,0
0.97,200,200,0,0,0,0,0
0.98,201,200,-1,-5210,-5210,0,0
0.99,200,200,0,0,0,0,0
1.0,199,200,1,5210,5210,0,0
1.01,199,200,1,5210,5210,0,0
1.02,201,200,-1,-5210,-5210,0,0
1.03,200,200,0,0,0,0,0
1.04,199,200,1,5210,5210,0,0
1.05,199,200,1,5210,5210,0,0
1.06,200,200,0,0,0,0,0
1.07,200,200,0,0,0,0,0
1.08,199,200,1,5210,5210,0,0
1.09,200,200,0,0,0,0,0
1.1,199,200,1,5210,5210,0,0
1.11,200,200,0,0,0,0,0
1.12,199,200,1,5210,5210,0,0
1.13,200,200,0,0,0,0,0
1.14,201,200,-1,-5210,-5210,0,0
1.15,200,200,0,0,0,0,0
1.16,200,200,0,0,0,0,0
1.17,200,200,0,0,0,0,0
1.18,201,200,-1,-5210,-5210,0,0
1.19,201,200,-1,-5210,-5210,0,0
1.2,200,200,0,0,0,0,0
1.21,201,200,-1,-5210,-5210,0,0
1.22,201,200,-1,-5210,-5210,0,0
1.23,201,200,-1,-5210,-5210,0,0
1.24,201,200,-1,-5210,-5210,0,0
1.25,200,200,0,0,0,0,0
1.26,201,200,-1,-5210,-5210,0,0
1.27,201,200,-1,-5210,-5210,0,0
1.28,200,200,0,0,0,0,0
1.29,201,200,-1,-5210,-5210,0,0
1.3,201,200,-1,-5210,-5210,0,0
1.31,201,200,-1,-5210,-5210,0,0
1.32,201,200,-1,-5210,-5210,0,0
1.33,200,200,0,0,0,0,0
1.34,201,200,-1,-5210,-5210,0,0
1.35,201,200,-1,-5210,-5210,0,0
1.36,200,200,0,0,0,0,0
1.37,200,200,0,0,0,0,0
1.38,201,200,-1,-5210,-5210,0,0
1.39,201,200,-1,-5210,-5210,0,0
1.4,201,200,-1,-5210,-5210,0,0
1.41,200,200,0,0,0,0,0
1.42,201,200,-1,-5210,-5210,0,0
1.43,201,200,-1,-5210,-5210,0,0
1.44,201,200,-1,-5210,-5210,0,0
1.45,200,200,0,0,0,0,0
1.46,201,200,-1,-5210,-5210,0,0
1.47,201,200,-1,-5210,-5210,0,0
1.48,201,200,-1,-5210,-5210,0,0
1.49,200,200,0,0,0,0,0
1.5,201,200,-1,-5210,-5210,0,0
1.51,201,200,-1,-5210,-5210,0,0
1.52,201,200,-1,-5210,-5210,0,0
1.53,200,200,0,0,0,0,0
1.54,201,200,-1,-5210,-5210,0,0
1.55,201,200,-1,-5210,-5210,0,0
1.56,201,200,-1,-5210,-5210,0,0
1.57,200,200,0,0,0,0,0
1.58,201,200,-1,-5210,-5210,0,0
1.59,201,200,-1,-5210,-5210,0,0
1.6,201,200,-1,-5210,-5210,0,0
1.61,200,200,0,0,0,0,0
1.62,201,200,-1,-5210,-5210,0,0
1.63,201,200,-1,-5210,-5210,0,0
1.64,201,200,-1,-5210,-5210,0,0
1.65,200,200,0,0,0,0,0
1.66,201,200,-1,-5210,-5210,0,0
1.67,201,200,-1,-5210,-5210,0,0
1.68,201,200,-1,-5210,-5210,0,0
1.69,200,200,0,0,0,0,0
1.7,201,200,-1,-5210,-5210,0,0
1.71,201,200,-1,-5210,-5210,0,0
1.72,201,200,-1,-5210,-5210,0,0
1.73,201,200,-1,-5210,-5210,0,0
1.74,201,200,-1,-5210,-5210,0,0
1.75,201,200,-1,-5210,-5210,0,0
1.76,201,200,-1,-5210,-5210,0,0
1.77,200,200,0,0,0,0,0
1.78,200,200,0,0,0,0,0
1.79,201,200,-1,-5210,-5210,0,0
1.8,201,200,-1,-5210,-5210,0,0
1.81,200,200,0,0,0,0,0
1.82,200,200,0,0,0,0,0
1.83,201,200,-1,-5210,-5210,0,0
1.84,201,200,-1,-5210,-5210,0,0
1.85,200,200,0,0,0,0,0
1.86,200,200,0,0,0,0,0
1.87,201,200,-1,-5210,-5210,0,0
1.88,201,200,-1,-5210,-5210,0,0
1.89,201,200,-1,-5210,-5210,0,0
1.9,201,200,-1,-5210,-5210,0,0
1.91,201,200,-1,-5210,-5210,0,0
1.92,201,200,-1,-5210,-5210,0,0
1.93,201,200,-1,-5210,-5210,0,0
1.94,200,200,0,0,0,0,0
1.95,201,200,-1,-5210,-5210,0,0
1.96,201,200,-1,-5210,-5210,0,0
1.97,201,200,-1,-5210,-5210,0,0
1.98,200,200,0,0,0,0,0
1.99,201,200,-1,-5210,-5210,0,0
2.0,201,200,-1,-5210,-5210,0,0
2.01,201,200,-1,-5210,-5210,0,0
2.02,200,200,0,0,0,0,0
2.03,201,200,-1,-5210,-5210,0,0
2.04,201,200,-1,-5210,-5210,0,0
2.05,200,200,0,0,0,0,0
2.06,200,200,0,0,0,0,0
2.07,201,200,-1,-5210,-5210,0,0
2.08,201,200,-1,-5210,-5210,0,0
2.09,201,200,-1,-5210,-5210,0,0
2.1,200,200,0,0,0,0,0
2.11,201,200,-1,-5210,-5210,0,0
2.12,201,200,-1,-5210,-5210,0,0
2.13,201,200,-1,-5210,-5210,0,0
2.14,200,200,0,0,0,0,0
2.15,201,200,-1,-5210,-5210,0,0
2.16,201,200,-1,-5210,-5210,0,0
2.17,201,200,-1,-5210,-5210,0,0
2.18,200,200,0,0,0,0,0
2.19,200,200,0,0,0,0,0
2.2,200,200,0,0,0,0,0
2.21,200,200,0,0,0,0,0
2.22,199,200,1,5210,5210,0,0
2.23,200,200,0,0,0,0,0
2.24,201,200,-1,-5210,-5210,0,0
2.25,200,200,0,0,0,0,0
2.26,199,200,1,5210,5210,0,0
2.27,200,200,0,0,0,0,0
2.28,199,200,1,5210,5210,0,0
2.29,200,200,0,0,0,0,0
2.3,199,200,1,5210,5210,0,0
2.31,200,200,0,0,0,0,0
2.32,200,200,0,0,0,0,0
2.33,200,200,0,0,0,0,0
2.34,199,200,1,5210,5210,0,0
2.35,199,200,1,5210,5210,0,0
2.36,201,200,-1,-5210,-5210,0,0
2.37,200,200,0,0,0,0,0
2.38,199,200,1,5210,5210,0,0
2.39,200,200,0,0,0,0,0
2.4,201,200,-1,-5210,-5210,0,0
2.41,201,200,-1,-5210,-5210,0,0
2.42,199,200,1,5210,5210,0,0
2.43,200,200,0,0,0,0,0
2.44,200,200,0,0,0,0,0
2.45,201,200,-1,-5210,-5210,0,0
2.46,200,200,0,0,0,0,0
2.47,200,200,0,0,0,0,0
2.48,201,200,-1,-5210,-5210,0,0
2.49,200,200,0,0,0,0,0
2.5,199,200,1,5210,5210,0,0
2.51,199,200,1,5210,5210,0,0
2.52,200,200,0,0,0,0,0
2.53,200,200,0,0,0,0,0
2.54,199,200,1,5210,5210,0,0
2.55,199,200,1,5210,5210,0,0
2.56,200,200,0,0,0,0,0
2.57,201,200,-1,-5210,-5210,0,0
2.58,200,200,0,0,0,0,0
2.59,199,200,1,5210,5210,0,0
2.6,200,200,0,0,0,0,0
2.61,200,200,0,0,0,0,0
2.62,200,200,0,0,0,0,0
2.63,199,200,1,5210,5210,0,0
2.64,200,200,0,0,0,0,0
2.65,201,200,-1,-5210,-5210,0,0
2.66,200,200,0,0,0,0,0
2.67,201,200,-1,-5210,-5210,0,0
2.68,200,200,0,0,0,0,0
2.69,201,200,-1,-5210,-5210,0,0
2.7,200,200,0,0,0,0,0
2.71,200,200,0,0,0,0,0
2.72,200,200,0,0,0,0,0
2.73,201,200,-1,-5210,-5210,0,0
2.74,200,200,0,0,0,0,0
2.75,200,200,0,0,0,0,0
2.76,200,200,0,0,0,0,0
2.77,201,200,-1,-5210,-5210,0,0
2.78,200,200,0,0,0,0,0
2.79,199,200,1,5210,5210,0,0
2.8,200,200,0,0,0,0,0
2.81,200,200,0,0,0,0,0
2.82,200,200,0,0,0,0,0
2.83,199,200,1,5210,5210,0,0
2.84,200,200,0,0,0,0,0
2.85,201,200,-1,-5210,-5210,0,0
2.86,200,200,0,0,0,0,0
2.87,199,200,1,5210,5210,0,0
2.88,200,200,0,0,0,0,0
2.89,200,200,0,0,0,0,0
2.9,201,200,-1,-5210,-5210,0,0
2.91,199,200,1,5210,5210,0,0
2.92,200,200,0,0,0,0,0
2.93,200,200,0,0,0,0,0
2.94,200,200,0,0,0,0,0
2.95,200,200,0,0,0,0,0
2.96,200,200,0,0,0,0,0
2.97,201,200,-1,-5210,-5210,0,0
2.98,200,200,0,0,0,0,0
2.99,200,200,0,0,0,0,0
3.0,200,200,0,0,0,0,0
3.01,201,200,-1,-5210,-5210,0,0
3.02,200,200,0,0,0,0,0
3.03,200,200,0,0,0,0,0
3.04,200,200,0,0,0,0,0
3.05,201,200,-1,-5210,-5210,0,0
3.06,200,200,0,0,0,0,0
3.07,200,200,0,0,0,0,0
3.08,199,200,1,5210,5210,0,0
3.09,200,200,0,0,0,0,0
3.1,200,200,0,0,0,0,0
3.11,200,200,0,0,0,0,0
3.12,199,200,1,5210,5210,0,0
3.13,200,200,0,0,0,0,0
3.14,200,200,0,0,0,0,0
3.15,199,200,1,5210,5210,0,0
3.16,199,200,1,5210,5210,0,0
3.17,200,200,0,0,0,0,0
3.18,201,200,-1,-5210,-5210,0,0
3.19,201,200,-1,-5210,-5210,0,0
3.2,200,200,0,0,0,0,0
3.21,201,200,-1,-5210,-5210,0,0
3.22,201,200,-1,-5210,-5210,0,0
3.23,201,200,-1,-5210,-5210,0,0
3.24,200,200,0,0,0,0,0
3.25,201,200,-1,-5210,-5210,0,0
3.26,201,200,-1,-5210,-5210,0,0
3.27,201,200,-1,-5210,-5210,0,0
3.28,200,200,0,0,0,0,0
3.29,201,200,-1,-5210,-5210,0,0
3.3,201,200,-1,-5210,-5210,0,0
3.31,201,200,-1,-5210,-5210,0,0
3.32,200,200,0,0,0,0,0
3.33,201,200,-1,-5210,-5210,0,0
3.34,201,200,-1,-5210,-5210,0,0
3.35,201,200,-1,-5210,-5210,0,0
3.36,200,200,0,0,0,0,0
3.37,201,200,-1,-5210,-5210,0,0
3.38,201,200,-1,-5210,-5210,0,0
3.39,201,200,-1,-5210,-5210,0,0
3.4,200,200,0,0,0,0,0
3.41,201,200,-1,-5210,-5210,0,0
3.42,201,200,-1,-5210,-5210,0,0
3.43,201,200,-1,-5210,-5210,0,0
3.44,200,200,0,0,0,0,0
3.45,201,200,-1,-5210,-5210,0,0
3.46,201,200,-1,-5210,-5210,0,0
3.47,201,200,-1,-5210,-5210,0,0
3.48,200,200,0,0,0,0,0
3.49,201,200,-1,-5210,-5210,0,0
3.5,201,200,-1,-5210,-5210,0,0
3.51,201,200,-1,-5210,-5210,0,0
3.52,200,200,0,0,0,0,0
3.53,201,200,-1,-5210,-5210,0,0
3.54,201,200,-1,-5210,-5210,0,0
3.55,201,200,-1,-5210,-5210,0,0
3.56,200,200,0,0,0,0,0
3.57,201,200,-1,-5210,-5210,0,0
3.58,201,200,-1,-5210,-5210,0,0
3.59,201,200,-1,-5210,-5210,0,0
3.6,201,200,-1,-5210,-5210,0,0
3.61,200,200,0,0,0,0,0
3.62,201,200,-1,-5210,-5210,0,0
3.63,201,200,-1,-5210,-5210,0,0
3.64,200,200,0,0,0,0,0
3.65,200,200,0,0,0,0,0
3.66,201,200,-1,-5210,-5210,0,0
3.67,201,200,-1,-5210,-5210,0,0
3.68,200,200,0,0,0,0,0
3.69,200,200,0,0,0,0,0
3.7,201,200,-1,-5210,-5210,0,0
3.71,201,200,-1,-5210,-5210,0,0
3.72,200,200,0,0,0,0,0
3.73,200,200,0,0,0,0,0
3.74,201,200,-1,-5210,-5210,0,0
3.75,201,200,-1,-5210,-5210,0,0
3.76,201,200,-1,-5210,-5210,0,0
3.77,200,200,0,0,0,0,0
3.78,201,200,-1,-5210,-5210,0,0
3.79,201,200,-1,-5210,-5210,0,0
3.8,201,200,-1,-5210,-5210,0,0
3.81,200,200,0,0,0,0,0
3.82,201,200,-1,-5210,-5210,0,0
3.83,201,200,-1,-5210,-5210,0,0
3.84,200,200,0,0,0,0,0
3.85,200,200,0,0,0,0,0
3.86,201,200,-1,-5210,-5210,0,0
3.87,201,200,-1,-5210,-5210,0,0
3.88,200,200,0,0,0,0,0
3.89,200,200,0,0,0,0,0
3.9,201,200,-1,-5210,-5210,0,0
3.91,201,200,-1,-5210,-5210,0,0
3.92,200,200,0,0,0,0,0
3.93,200,200,0,0,0,0,0
3.94,201,200,-1,-5210,-5210,0,0
3.95,201,200,-1,-5210,-5210,0,0
3.96,201,200,-1,-5210,-5210,0,0
3.97,200,200,0,0,0,0,0
3.98,201,200,-1,-5210,-5210,0,0
3.99,201,200,-1,-5210,-5210,0,0
4.0,201,200,-1,-5210,-5210,0,0
4.01,200,200,0,0,0,0,0
4.02,201,200,-1,-5210,-5210,0,0
4.03,201,200,-1,-5210,-5210,0,0
4.04,200,200,0,0,0,0,0
4.05,200,200,0,0,0,0,0
4.06,201,200,-1,-5210,-5210,0,0
4.07,201,200,-1,-5210,-5210,0,0
4.08,201,200,-1,-5210,-5210,0,0
4.09,200,200,0,0,0,0,0
4.1,201,200,-1,-5210,-5210,0,0
4.11,201,200,-1,-5210,-5210,0,0
4.12,201,200,-1,-5210,-5210,0,0
4.13,200,200,0,0,0,0,0
4.14,201,200,-1,-5210,-5210,0,0
4.15,201,200,-1,-5210,-5210,0,0
4.16,201,200,-1,-5210,-5210,0,0
4.17,200,200,0,0,0,0,0
4.18,199,200,1,5210,5210,0,0
4.19,200,200,0,0,0,0,0
4.2,200,200,0,0,0,0,0
4.21,199,200,1,5210,5210,0,0
4.22,200,200,0,0,0,0,0
4.23,200,200,0,0,0,0,0
4.24,200,200,0,0,0,0,0
4.25,199,200,1,5210,5210,0,0
4.26,200,200,0,0,0,0,0
4.27,201,200,-1,-5210,-5210,0,0
4.28,200,200,0,0,0,0,0
4.29,200,200,0,0,0,0,0
4.3,200,200,0,0,0,0,0
4.31,201,200,-1,-5210,-5210,0,0
4.32,201,200,-1,-5210,-5210,0,0
4.33,199,200,1,5210,5210,0,0
4.34,200,200,0,0,0,0,0
4.35,201,200,-1,-5210,-5210,0,0
4.36,201,200,-1,-5210,-5210,0,0
4.37,200,200,0,0,0,0,0
4.38,199,200,1,5210,5210,0,0
4.39,200,200,0,0,0,0,0
4.4,200,200,0,0,0,0,0
4.41,199,200,1,5210,5210,0,0
4.42,199,200,1,5210,5210,0,0
4.43,200,200,0,0,0,0,0
4.44,201,200,-1,-5210,-5210,0,0
4.45,200,200,0,0,0,0,0
4.46,199,200,1,5210,5210,0,0
4.47,200,200,0,0,0,0,0
4.48,200,200,0,0,0,0,0
4.49,199,200,1,5210,5210,0,0
4.5,199,200,1,5210,5210,0,0
4.51,200,200,0,0,0,0,0
4.52,201,200,-1,-5210,-5210,0,0
4.53,200,200,0,0,0,0,0
4.54,199,200,1,5210,5210,0,0
4.55,200,200,0,0,0,0,0
4.56,201,200,-1,-5210,-5210,0,0
4.57,200,200,0,0,0,0,0
4.58,199,200,1,5210,5210,0,0
4.59,200,200,0,0,0,0,0
4.6,201,200,-1,-5210,-5210,0,0
4.61,199,200,1,5210,5210,0,0
4.62,199,200,1,5210,5210,0,0
4.63,200,200,0,0,0,0,0
4.64,200,200,0,0,0,0,0
4.65,200,200,0,0,0,0,0
4.66,199,200,1,5210,5210,0,0
4.67,200,200,0,0,0,0,0
4.68,200,200,0,0,0,0,0
4.69,200,200,0,0,0,0,0
4.7,199,200,1,5210,5210,0,0
4.71,200,200,0,0,0,0,0
4.72,201,200,-1,-5210,-5210,0,0
4.73,200,200,0,0,0,0,0
4.74,199,200,1,5210,5210,0,0
4.75,200,200,0,0,0,0,0
4.76,201,200,-1,-5210,-5210,0,0
4.77,200,200,0,0,0,0,0
4.78,200,200,0,0,0,0,0
4.79,200,200,0,0,0,0,0
4.8,201,200,-1,-5210,-5210,0,0
4.81,200,200,0,0,0,0,0
4.82,199,200,1,5210,5210,0,0
4.83,200,200,0,0,0,0,0
4.84,201,200,-1,-5210,-5210,0,0
4.85,200,200,0,0,0,0,0
4.86,199,200,1,5210,5210,0,0
4.87,200,200,0,0,0,0,0
4.88,200,200,0,0,0,0,0
4.89,200,200,0,0,0,0,0
4.9,199,200,1,5210,5210,0,0
4.91,200,200,0,0,0,0,0
4.92,201,200,-1,-5210,-5210,0,0
4.93,200,200,0,0,0,0,0
4.94,199,200,1,5210,5210,0,0
4.95,200,200,0,0,0,0,0
4.96,201,200,-1,-5210,-5210,0,0
4.97,201,200,-1,-5210,-5210,0,0
4.98,200,200,0,0,0,0,0
4.99,200,200,0,0,0,0,0
5.0,201,200,-1,-5210,-5210,0,0
5.01,201,200,-1,-5210,-5210,0,0
5.02,200,200,0,0,0,0,0
5.03,200,200,0,0,0,0,0
5.04,201,200,-1,-5210,-5210,0,0
5.05,201,200,-1,-5210,-5210,0,0
5.06,200,200,0,0,0,0,0
5.07,200,200,0,0,0,0,0
5.08,200,200,0,0,0,0,0
5.09,200,200,0,0,0,0,0
5.1,200,200,0,0,0,0,0
5.11,199,200,1,5210,5210,0,0
5.12,200,200,0,0,0,0,0
5.13,200,200,0,0,0,0,0
5.14,199,200,1,5210,5210,0,0
5.15,199,200,1,5210,5210,0,0
5.16,200,200,0,0,0,0,0
5.17,200,200,0,0,0,0,0
5.18,201,200,-1,-5210,-5210,0,0
5.19,200,200,0,0,0,0,0
5.2,201,200,-1,-5210,-5210,0,0
5.21,201,200,-1,-5210,-5210,0,0
5.22,200,200,0,0,0,0,0
5.23,200,200,0,0,0,0,0
5.24,201,200,-1,-5210,-5210,0,0
5.25,201,200,-1,-5210,-5210,0,0
5.26,201,200,-1,-5210,-5210,0,0
5.27,200,200,0,0,0,0,0
5.28,201,200,-1,-5210,-5210,0,0
5.29,201,200,-1,-5210,-5210,0,0
5.3,201,200,-1,-5210,-5210,0,0
5.31,200,200,0,0,0,0,0
5.32,201,200,-1,-5210,-5210,0,0
5.33,201,200,-1,-5210,-5210,0,0
5.34,201,200,-1,-5210,-5210,0,0
5.35,200,200,0,0,0,0,0
5.36,201,200,-1,-5210,-5210,0,0
5.37,201,200,-1,-5210,-5210,0,0
5.38,201,200,-1,-5210,-5210,0,0
5.39,200,200,0,0,0,0,0
5.4,201,200,-1,-5210,-5210,0,0
5.41,201,200,-1,-5210,-5210,0,0
5.42,201,200,-1,-5210,-5210,0,0
5.43,200,200,0,0,0,0,0
5.44,201,200,-1,-5210,-5210,0,0
5.45,201,200,-1,-5210,-5210,0,0
5.46,201,200,-1,-5210,-5210,0,0
5.47,200,200,0,0,0,0,0
5.48,201,200,-1,-5210,-5210,0,0
5.49,201,200,-1,-5210,-5210,0,0
5.5,201,200,-1,-5210,-5210,0,0
5.51,200,200,0,0,0,0,0
5.52,201,200,-1,-5210,-5210,0,0
5.53,201,200,-1,-5210,-5210,0,0
5.54,201,200,-1,-5210,-5210,0,0
5.55,200,200,0,0,0,0,0
5.56,200,200,0,0,0,0,0
5.57,201,200,-1,-5210,-5210,0,0
5.58,201,200,-1,-5210,-5210,0,0
5.59,200,200,0,0,0,0,0
5.6,201,200,-1,-5210,-5210,0,0
5.61,201,200,-1,-5210,-5210,0,0
5.62,201,200,-1,-5210,-5210,0,0
5.63,200,200,0,0,0,0,0
5.64,200,200,0,0,0,0,0
5.65,201,200,-1,-5210,-5210,0,0
5.66,201,200,-1,-5210,-5210,0,0
5.67,201,200,-1,-5210,-5210,0,0
5.68,201,200,-1,-5210,-5210,0,0
5.69,201,200,-1,-5210,-5210,0,0
5.7,201,200,-1,-5210,-5210,0,0
5.71,200,200,0,0,0,0,0
5.72,201,200,-1,-5210,-5210,0,0
5.73,201,200,-1,-5210,-5210,0,0
5.74,201,200,-1,-5210,-5210,0,0
5.75,201,200,-1,-5210,-5210,0,0
5.76,201,200,-1,-5210,-5210,0,0
5.77,201,200,-1,-5210,-5210,0,0
5.78,201,200,-1,-5210,-5210,0,0
5.79,201,200,-1,-5210,-5210,0,0
5.8,200,200,0,0,0,0,0
5.81,201,200,-1,-5210,-5210,0,0
5.82,201,350,-1,-5210,-5210,0,0
5.83,201,350,149,250000,776290,4818,0
5.84,200,350,150,250000,781500,1276,0
5.85,201,350,149,250000,776290,-2307,0
5.86,201,350,149,250000,776290,-5703,0
5.87,202,350,148,250000,771080,-9047,-26000
5.88,200,350,150,250000,781500,-11494,0
5.89,201,350,149,250000,776290,-14758,0
5.9,201,350,149,250000,776290,-17843,0
5.91,202,350,148,250000,771080,-20883,0
5.92,206,350,144,250000,750240,-23880,-26000
5.93,210,350,140,250000,729400,-25891,-26000
5.94,209,350,141,250000,734610,-27429,-26000
5.95,210,350,140,250000,729400,-29059,-26000
5.96,217,350,133,250000,692930,-30778,-26000
5.97,221,350,129,250000,672090,-31901,-26000
5.98,220,350,130,250000,677300,-32572,-26000
5.99,220,350,130,250000,677300,-33324,-26000
6.0,225,350,125,250000,651250,-34220,-26000
6.01,228,350,122,250000,635620,-34703,-26000
6.02,228,350,122,250000,635620,-34881,-26000
6.03,229,350,121,250000,630410,-35087,-26000
6.04,234,350,116,250000,604360,-35353,-52000
6.05,239,350,111,250000,578310,-34638,-52000
6.06,239,350,111,250000,578310,-33452,-52000
6.07,239,350,111,250000,578310,-32296,-52000
6.08,246,350,104,250000,541840,-31396,-52000
6.09,253,350,97,250000,505370,-30063,-52000
6.1,253,350,97,250000,505370,-28080,-52000
6.11,252,350,98,250000,510580,-26114,-52000
6.12,258,350,92,250000,479320,-24490,-52000
6.13,264,350,86,250000,448060,-22516,-52000
6.14,263,350,87,250000,453270,-19972,-52000
6.15,263,350,87,250000,453270,-17590,-52000
6.16,267,350,83,250000,432430,-15397,-52000
6.17,271,350,79,250000,411590,-12999,-52000
6.18,271,350,79,250000,411590,-10270,-52000
6.19,271,350,79,250000,411590,-7609,-52000
6.2,276,350,74,250000,385540,-5177,-52000
6.21,282,350,68,250000,354280,-2513,-52000
6.22,282,350,68,250000,354280,670,-52000
6.23,281,350,69,250000,359490,3806,-52000
6.24,286,350,64,250000,333440,6604,-52000
6.25,291,350,59,239047,307390,9657,-78000
6.26,292,350,58,250000,302180,13466,-52000
6.27,291,350,59,250000,307390,16934,-52000
6.28,294,350,56,250000,291760,20120,-52000
6.29,300,350,50,205824,260500,23324,-78000
6.3,300,350,50,235080,260500,26580,-52000
6.31,299,350,51,243578,265710,29868,-52000
6.32,305,350,45,215443,234450,32993,-52000
6.33,314,350,36,145190,187560,35630,-78000
6.34,316,350,34,137049,177140,37909,-78000
6.35,314,350,36,175748,187560,40188,-52000
6.36,318,350,32,131122,166720,42402,-78000
6.37,325,350,25,96507,130250,44257,-78000
6.38,327,350,23,87649,119830,45819,-78000
6.39,326,350,24,94389,125040,47349,-78000
6.4,328,350,22,111466,114620,48846,-52000
6.41,333,350,17,60685,88570,50115,-78000
6.42,334,350,16,56549,83360,51189,-78000
6.43,333,350,17,88833,88570,52263,-52000
6.44,336,350,14,74212,72940,53272,-52000
6.45,340,350,10,54153,52100,54053,-52000
6.46,343,350,7,13076,36470,54606,-78000
6.47,342,350,8,44774,41680,55094,-52000
6.48,343,350,7,40052,36470,55582,-52000
6.49,345,350,5,30022,26050,55972,-52000
6.5,346,350,4,25105,20840,56265,-52000
6.51,346,350,4,25365,20840,56525,-52000
6.52,345,350,5,30868,26050,56818,-52000
6.53,345,350,5,31193,26050,57143,-52000
6.54,346,350,4,26276,20840,57436,-52000
6.55,346,350,4,26536,20840,57696,-52000
6.56,346,350,4,52796,20840,57956,-26000
6.57,345,350,5,58299,26050,58249,-26000
6.58,346,350,4,53382,20840,58542,-26000
6.59,346,350,4,53642,20840,58802,-26000
6.6,347,350,3,48659,15630,59029,-26000
6.61,348,350,2,43449,10420,59029,-26000
6.62,350,350,0,33029,0,59029,-26000
6.63,350,350,0,33029,0,59029,-26000
6.64,350,350,0,33029,0,59029,-26000
6.65,352,350,-2,22609,-10420,59029,-26000
6.66,354,350,-4,11994,-20840,58834,-26000
6.67,354,350,-4,11734,-20840,58574,-26000
6.68,353,350,-3,16717,-15630,58347,-26000
6.69,353,350,-3,16522,-15630,58152,-26000
6.7,353,350,-3,16327,-15630,57957,-26000
6.71,354,350,-4,10890,-20840,57730,-26000
6.72,354,350,-4,10630,-20840,57470,-26000
6.73,353,350,-3,15613,-15630,57243,-26000
6.74,353,350,-3,15418,-15630,57048,-26000
6.75,354,350,-4,9981,-20840,56821,-26000
6.76,354,350,-4,9721,-20840,56561,-26000
6.77,353,350,-3,14704,-15630,56334,-26000
6.78,353,350,-3,14509,-15630,56139,-26000
6.79,354,350,-4,9072,-20840,55912,-26000
6.8,354,350,-4,8812,-20840,55652,-26000
6.81,353,350,-3,39795,-15630,55425,0
6.82,353,350,-3,39600,-15630,55230,0
6.83,354,350,-4,34163,-20840,55003,0
6.84,354,350,-4,33903,-20840,54743,0
6.85,353,350,-3,38886,-15630,54516,0
6.86,353,350,-3,38691,-15630,54321,0
6.87,354,350,-4,33254,-20840,54094,0
6.88,354,350,-4,32994,-20840,53834,0
6.89,353,350,-3,37977,-15630,53607,0
6.9,353,350,-3,37782,-15630,53412,0
6.91,354,350,-4,32345,-20840,53185,0
6.92,354,350,-4,32085,-20840,52925,0
6.93,355,350,-5,582,-26050,52632,-26000
6.94,357,350,-7,-10228,-36470,52242,-26000
6.95,358,350,-8,-15926,-41680,51754,-26000
6.96,358,350,-8,-16446,-41680,51234,-26000
6.97,357,350,-7,14276,-36470,50746,0
6.98,357,350,-7,13821,-36470,50291,0
6.99,358,350,-8,8123,-41680,49803,0
7.0,358,350,-8,7603,-41680,49283,0
7.01,357,350,-7,12325,-36470,48795,0
7.02,357,350,-7,11870,-36470,48340,0
7.03,358,350,-8,6172,-41680,47852,0
7.04,358,350,-8,5652,-41680,47332,0
7.05,357,350,-7,10374,-36470,46844,0
7.06,357,350,-7,9919,-36470,46389,0
7.07,358,350,-8,4221,-41680,45901,0
7.08,358,350,-8,3701,-41680,45381,0
7.09,357,350,-7,8423,-36470,44893,0
7.1,357,350,-7,7968,-36470,44438,0
7.11,357,350,-7,7513,-36470,43983,0
7.12,358,350,-8,1815,-41680,43495,0
7.13,358,350,-8,1295,-41680,42975,0
7.14,357,350,-7,6017,-36470,42487,0
7.15,357,350,-7,5562,-36470,42032,0
7.16,358,350,-8,-136,-41680,41544,0
7.17,357,350,-7,4586,-36470,41056,0
7.18,357,350,-7,4131,-36470,40601,0
7.19,358,350,-8,-1567,-41680,40113,0
7.2,358,350,-8,-2087,-41680,39593,0
7.21,358,350,-8,-2607,-41680,39073,0
7.22,358,350,-8,-3127,-41680,38553,0
7.23,358,350,-8,-3647,-41680,38033,0
7.24,359,350,-9,-35410,-46890,37480,-26000
7.25,358,350,-8,-4753,-41680,36927,0
7.26,358,350,-8,-5273,-41680,36407,0
7.27,358,350,-8,-5793,-41680,35887,0
7.28,359,350,-9,-11556,-46890,35334,0
7.29,359,350,-9,-12142,-46890,34748,0
7.3,360,350,-10,-43970,-52100,34130,-26000
7.31,362,350,-12,-55106,-62520,33414,-26000
7.32,362,350,-12,-55887,-62520,32633,-26000
7.33,362,350,-12,-30668,-62520,31852,0
7.34,362,350,-12,-31449,-62520,31071,0
7.35,362,350,-12,-32230,-62520,30290,0
7.36,362,350,-12,-33011,-62520,29509,0
7.37,362,350,-12,-33792,-62520,28728,0
7.38,359,350,-9,-18845,-46890,28045,0
7.39,357,350,-7,-8945,-36470,27525,0
7.4,358,350,-8,-14643,-41680,27037,0
7.41,359,350,-9,-20406,-46890,26484,0
7.42,357,350,-7,-10506,-36470,25964,0
7.43,358,350,-8,-16204,-41680,25476,0
7.44,358,350,-8,-16724,-41680,24956,0
7.45,358,350,-8,-17244,-41680,24436,0
7.46,358,350,-8,-17764,-41680,23916,0
7.47,357,350,-7,-13042,-36470,23428,0
7.48,359,350,-9,-23982,-46890,22908,0
7.49,358,350,-8,-19325,-41680,22355,0
7.5,358,350,-8,-19845,-41680,21835,0
7.51,358,350,-8,-20365,-41680,21315,0
7.52,358,350,-8,-20885,-41680,20795,0
7.53,358,350,-8,-21405,-41680,20275,0
7.54,356,350,-6,-11440,-31260,19820,0
7.55,353,350,-3,3897,-15630,19527,0
7.56,354,350,-4,-1540,-20840,19300,0
7.57,355,350,-5,-7043,-26050,19007,0
7.58,354,350,-4,-2126,-20840,18714,0
7.59,354,350,-4,-2386,-20840,18454,0
7.6,355,350,-5,-7889,-26050,18161,0
7.61,355,350,-5,-8214,-26050,17836,0
7.62,354,350,-4,-3297,-20840,17543,0
7.63,353,350,-3,1686,-15630,17316,0
7.64,355,350,-5,-8994,-26050,17056,0
7.65,355,350,-5,-9319,-26050,16731,0
7.66,354,350,-4,-4402,-20840,16438,0
7.67,354,350,-4,-4662,-20840,16178,0
7.68,354,350,-4,-4922,-20840,15918,0
7.69,355,350,-5,-10425,-26050,15625,0
7.7,354,350,-4,-5508,-20840,15332,0
7.71,354,350,-4,-5768,-20840,15072,0
7.72,355,350,-5,-11271,-26050,14779,0
7.73,355,350,-5,-11596,-26050,14454,0
7.74,354,350,-4,-6679,-20840,14161,0
7.75,354,350,-4,-6939,-20840,13901,0
7.76,354,350,-4,-7199,-20840,13641,0
7.77,355,350,-5,-12702,-26050,13348,0
7.78,354,350,-4,-7785,-20840,13055,0
7.79,354,350,-4,-8045,-20840,12795,0
7.8,354,350,-4,-8305,-20840,12535,0
7.81,355,350,-5,-13808,-26050,12242,0
7.82,354,350,-4,-8891,-20840,11949,0
7.83,354,350,-4,-9151,-20840,11689,0
7.84,354,350,-4,-9411,-20840,11429,0
7.85,355,350,-5,-14914,-26050,11136,0
7.86,354,350,-4,-9997,-20840,10843,0
7.87,354,350,-4,-10257,-20840,10583,0
7.88,354,350,-4,-10517,-20840,10323,0
7.89,355,350,-5,-16020,-26050,10030,0
7.9,354,350,-4,-11103,-20840,9737,0
7.91,353,350,-3,-6120,-15630,9510,0
7.92,354,350,-4,-11557,-20840,9283,0
7.93,355,350,-5,-17060,-26050,8990,0
7.94,354,350,-4,-12143,-20840,8697,0
7.95,353,350,-3,-7160,-15630,8470,0
7.96,354,350,-4,-12597,-20840,8243,0
7.97,355,350,-5,-18100,-26050,7950,0
7.98,354,350,-4,-13183,-20840,7657,0
7.99,351,350,-1,2447,-5210,7657,0
8.0,350,350,0,7657,0,7657,0
8.01,350,350,0,7657,0,7657,0
8.02,351,350,-1,2447,-5210,7657,0
8.03,350,350,0,7657,0,7657,0
8.04,350,350,0,7657,0,7657,0
8.05,351,350,-1,2447,-5210,7657,0
8.06,351,350,-1,2447,-5210,7657,0
8.07,350,350,0,7657,0,7657,0
8.08,350,350,0,7657,0,7657,0
8.09,351,350,-1,2447,-5210,7657,0
8.1,350,350,0,7657,0,7657,0
8.11,350,350,0,7657,0,7657,0
8.12,350,350,0,7657,0,7657,0
8.13,351,350,-1,2447,-5210,7657,0
8.14,351,350,-1,2447,-5210,7657,0
8.15,350,350,0,7657,0,7657,0
8.16,350,350,0,7657,0,7657,0
8.17,351,350,-1,2447,-5210,7657,0
8.18,350,350,0,7657,0,7657,0
8.19,349,350,1,12867,5210,7657,0
8.2,350,350,0,7657,0,7657,0
8.21,350,350,0,7657,0,7657,0
8.22,350,350,0,7657,0,7657,0
8.23,350,350,0,7657,0,7657,0
8.24,350,350,0,7657,0,7657,0
8.25,350,350,0,7657,0,7657,0
8.26,350,350,0,7657,0,7657,0
8.27,350,350,0,7657,0,7657,0
8.28,349,350,1,12867,5210,7657,0
8.29,350,350,0,7657,0,7657,0
8.3,350,350,0,7657,0,7657,0
8.31,350,350,0,7657,0,7657,0
8.32,349,350,1,12867,5210,7657,0
8.33,350,350,0,7657,0,7657,0
8.34,350,350,0,7657,0,7657,0
8.35,349,350,1,12867,5210,7657,0
8.36,349,350,1,12867,5210,7657,0
8.37,350,350,0,7657,0,7657,0
8.38,350,350,0,7657,0,7657,0
8.39,350,350,0,7657,0,7657,0
8.4,349,350,1,12867,5210,7657,0
8.41,350,350,0,7657,0,7657,0
8.42,350,350,0,7657,0,7657,0
8.43,350,350,0,7657,0,7657,0
8.44,349,350,1,12867,5210,7657,0
8.45,350,350,0,7657,0,7657,0
8.46,350,350,0,7657,0,7657,0
8.47,350,350,0,7657,0,7657,0
8.48,349,350,1,12867,5210,7657,0
8.49,350,350,0,7657,0,7657,0
8.5,350,350,0,7657,0,7657,0
8.51,350,350,0,7657,0,7657,0
8.52,349,350,1,12867,5210,7657,0
8.53,350,350,0,7657,0,7657,0
8.54,350,350,0,7657,0,7657,0
8.55,350,350,0,7657,0,7657,0
8.56,349,350,1,12867,5210,7657,0
8.57,350,350,0,7657,0,7657,0
8.58,350,350,0,7657,0,7657,0
8.59,350,350,0,7657,0,7657,0
8.6,349,350,1,12867,5210,7657,0
8.61,350,350,0,7657,0,7657,0
8.62,350,350,0,7657,0,7657,0
8.63,350,350,0,7657,0,7657,0
8.64,349,350,1,12867,5210,7657,0
8.65,350,350,0,7657,0,7657,0
8.66,350,350,0,7657,0,7657,0
8.67,350,350,0,7657,0,7657,0
8.68,350,350,0,7657,0,7657,0
8.69,350,350,0,7657,0,7657,0
8.7,350,350,0,7657,0,7657,0
8.71,350,350,0,7657,0,7657,0
8.72,349,350,1,12867,5210,7657,0
8.73,350,350,0,7657,0,7657,0
8.74,350,350,0,7657,0,7657,0
8.75,350,350,0,7657,0,7657,0
8.76,350,350,0,7657,0,7657,0
8.77,350,350,0,7657,0,7657,0
8.78,350,350,0,7657,0,7657,0
8.79,350,350,0,7657,0,7657,0
8.8,350,350,0,7657,0,7657,0
8.81,350,350,0,7657,0,7657,0
8.82,350,350,0,7657,0,7657,0
8.83,350,350,0,7657,0,7657,0
8.84,350,350,0,7657,0,7657,0
8.85,350,350,0,7657,0,7657,0
8.86,350,350,0,7657,0,7657,0
8.87,350,350,0,7657,0,7657,0
8.88,349,350,1,12867,5210,7657,0
8.89,349,350,1,12867,5210,7657,0
8.9,350,350,0,7657,0,7657,0
8.91,350,350,0,7657,0,7657,0
8.92,350,350,0,7657,0,7657,0
8.93,349,350,1,12867,5210,7657,0
8.94,350,350,0,7657,0,7657,0
8.95,350,350,0,7657,0,7657,0
8.96,350,350,0,7657,0,7657,0
8.97,349,350,1,12867,5210,7657,0
8.98,350,350,0,7657,0,7657,0
8.99,350,350,0,7657,0,7657,0
9.0,350,350,0,7657,0,7657,0
9.01,349,350,1,12867,5210,7657,0
9.02,350,350,0,7657,0,7657,0
9.03,350,350,0,7657,0,7657,0
9.04,350,350,0,7657,0,7657,0
9.05,349,350,1,12867,5210,7657,0
9.06,350,350,0,7657,0,7657,0
9.07,350,350,0,7657,0,7657,0
9.08,350,350,0,7657,0,7657,0
9.09,349,350,1,12867,5210,7657,0
9.1,350,350,0,7657,0,7657,0
9.11,350,350,0,7657,0,7657,0
9.12,350,350,0,7657,0,7657,0
9.13,350,350,0,7657,0,7657,0
9.14,350,350,0,7657,0,7657,0
9.15,350,350,0,7657,0,7657,0
9.16,350,350,0,7657,0,7657,0
9.17,350,350,0,7657,0,7657,0
9.18,350,350,0,7657,0,7657,0
9.19,351,350,-1,2447,-5210,7657,0
9.2,350,350,0,7657,0,7657,0
9.21,350,350,0,7657,0,7657,0
9.22,350,350,0,7657,0,7657,0
9.23,351,350,-1,2447,-5210,7657,0
9.24,350,350,0,7657,0,7657,0
9.25,350,350,0,7657,0,7657,0
9.26,350,350,0,7657,0,7657,0
9.27,351,350,-1,2447,-5210,7657,0
9.28,350,350,0,7657,0,7657,0
9.29,350,350,0,7657,0,7657,0
9.3,350,350,0,7657,0,7657,0
9.31,351,350,-1,2447,-5210,7657,0
9.32,350,350,0,7657,0,7657,0
9.33,350,350,0,7657,0,7657,0
9.34,350,350,0,7657,0,7657,0
9.35,351,350,-1,2447,-5210,7657,0
9.36,351,350,-1,2447,-5210,7657,0
9.37,350,350,0,7657,0,7657,0
9.38,350,350,0,7657,0,7657,0
9.39,351,350,-1,2447,-5210,7657,0
9.4,351,350,-1,2447,-5210,7657,0
9.41,350,350,0,7657,0,7657,0
9.42,350,350,0,7657,0,7657,0
9.43,351,350,-1,2447,-5210,7657,0
9.44,351,350,-1,2447,-5210,7657,0
9.45,350,350,0,7657,0,7657,0
9.46,350,350,0,7657,0,7657,0
9.47,351,350,-1,2447,-5210,7657,0
9.48,351,350,-1,2447,-5210,7657,0
9.49,350,350,0,7657,0,7657,0
9.5,350,350,0,7657,0,7657,0
9.51,350,350,0,7657,0,7657,0
9.52,351,350,-1,2447,-5210,7657,0
9.53,350,350,0,7657,0,7657,0
9.54,350,350,0,7657,0,7657,0
9.55,350,350,0,7657,0,7657,0
9.56,351,350,-1,2447,-5210,7657,0
9.57,350,350,0,7657,0,7657,0
9.58,350,350,0,7657,0,7657,0
9.59,350,350,0,7657,0,7657,0
9.6,351,350,-1,2447,-5210,7657,0
9.61,350,350,0,7657,0,7657,0
9.62,350,350,0,7657,0,7657,0
9.63,350,350,0,7657,0,7657,0
9.64,351,350,-1,2447,-5210,7657,0
9.65,350,350,0,7657,0,7657,0
9.66,350,350,0,7657,0,7657,0
9.67,350,350,0,7657,0,7657,0
9.68,351,350,-1,2447,-5210,7657,0
9.69,350,350,0,7657,0,7657,0
9.7,350,350,0,7657,0,7657,0
9.71,350,350,0,7657,0,7657,0
9.72,351,350,-1,2447,-5210,7657,0
9.73,350,350,0,7657,0,7657,0
9.74,350,350,0,7657,0,7657,0
9.75,350,350,0,7657,0,7657,0
9.76,351,350,-1,2447,-5210,7657,0
9.77,350,350,0,7657,0,7657,0
9.78,350,350,0,7657,0,7657,0
9.79,350,350,0,7657,0,7657,0
9.8,351,350,-1,2447,-5210,7657,0
9.81,350,350,0,7657,0,7657,0
9.82,350,350,0,7657,0,7657,0
9.83,350,350,0,7657,0,7657,0
9.84,351,350,-1,2447,-5210,7657,0
9.85,350,350,0,7657,0,7657,0
9.86,350,350,0,7657,0,7657,0
9.87,350,350,0,7657,0,7657,0
9.88,351,350,-1,2447,-5210,7657,0
9.89,350,350,0,7657,0,7657,0
9.9,350,350,0,7657,0,7657,0
9.91,350,350,0,7657,0,7657,0
9.92,351,350,-1,2447,-5210,7657,0
9.93,350,350,0,7657,0,7657,0
9.94,350,350,0,7657,0,7657,0
9.95,350,350,0,7657,0,7657,0
9.96,351,350,-1,2447,-5210,7657,0
9.97,350,350,0,7657,0,7657,0
9.98,350,350,0,7657,0,7657,0
9.99,350,350,0,7657,0,7657,0
10.0,351,350,-1,2447,-5210,7657,0
10.01,350,350,0,7657,0,7657,0
10.02,350,350,0,7657,0,7657,0
10.03,350,350,0,7657,0,7657,0
10.04,351,350,-1,2447,-5210,7657,0
10.05,351,350,-1,2447,-5210,7657,0
10.06,350,350,0,7657,0,7657,0
10.07,350,350,0,7657,0,7657,0
10.08,351,350,-1,2447,-5210,7657,0
10.09,351,350,-1,2447,-5210,7657,0
10.1,350,350,0,7657,0,7657,0
10.11,350,350,0,7657,0,7657,0
10.12,350,350,0,7657,0,7657,0
10.13,351,350,-1,2447,-5210,7657,0
10.14,350,350,0,7657,0,7657,0
10.15,350,350,0,7657,0,7657,0
10.16,351,350,-1,2447,-5210,7657,0
10.17,350,350,0,7657,0,7657,0
10.18,350,350,0,7657,0,7657,0
10.19,350,350,0,7657,0,7657,0
10.2,350,350,0,7657,0,7657,0
10.21,350,350,0,7657,0,7657,0
10.22,350,350,0,7657,0,7657,0
10.23,349,350,1,12867,5210,7657,0
10.24,349,350,1,12867,5210,7657,0
10.25,350,350,0,7657,0,7657,0
10.26,350,350,0,7657,0,7657,0
10.27,349,350,1,12867,5210,7657,0
10.28,350,350,0,7657,0,7657,0
10.29,350,350,0,7657,0,7657,0
10.3,350,350,0,7657,0,7657,0
10.31,349,350,1,12867,5210,7657,0
10.32,350,350,0,7657,0,7657,0
10.33,350,350,0,7657,0,7657,0
10.34,350,350,0,7657,0,7657,0
10.35,349,350,1,12867,5210,7657,0
10.36,350,350,0,7657,0,7657,0
10.37,350,350,0,7657,0,7657,0
10.38,350,350,0,7657,0,7657,0
10.39,349,350,1,12867,5210,7657,0
10.4,350,350,0,7657,0,7657,0
10.41,350,350,0,7657,0,7657,0
10.42,350,350,0,7657,0,7657,0
10.43,349,350,1,12867,5210,7657,0
10.44,350,350,0,7657,0,7657,0
10.45,350,350,0,7657,0,7657,0
10.46,350,350,0,7657,0,7657,0
10.47,349,350,1,12867,5210,7657,0
10.48,350,350,0,7657,0,7657,0
10.49,350,350,0,7657,0,7657,0
10.5,350,350,0,7657,0,7657,0
10.51,349,350,1,12867,5210,7657,0
10.52,350,350,0,7657,0,7657,0
10.53,350,350,0,7657,0,7657,0
10.54,350,350,0,7657,0,7657,0
10.55,349,350,1,12867,5210,7657,0
10.56,349,350,1,12867,5210,7657,0
10.57,350,350,0,7657,0,7657,0
10.58,350,350,0,7657,0,7657,0
10.59,349,350,1,12867,5210,7657,0
10.6,350,350,0,7657,0,7657,0
10.61,350,350,0,7657,0,7657,0
10.62,350,350,0,7657,0,7657,0
10.63,349,350,1,12867,5210,7657,0
10.64,350,350,0,7657,0,7657,0
10.65,350,350,0,7657,0,7657,0
10.66,350,350,0,7657,0,7657,0
10.67,350,350,0,7657,0,7657,0
10.68,350,350,0,7657,0,7657,0
10.69,350,350,0,7657,0,7657,0
10.7,350,350,0,7657,0,7657,0
10.71,350,350,0,7657,0,7657,0
10.72,350,350,0,7657,0,7657,0
10.73,350,350,0,7657,0,7657,0
10.74,350,350,0,7657,0,7657,0
10.75,349,350,1,12867,5210,7657,0
10.76,350,350,0,7657,0,7657,0
10.77,350,350,0,7657,0,7657,0
10.78,350,350,0,7657,0,7657,0
10.79,350,350,0,7657,0,7657,0
10.8,349,350,1,12867,5210,7657,0
10.81,350,350,0,7657,0,7657,0
10.82,350,350,0,7657,0,7657,0
10.83,350,350,0,7657,0,7657,0
10.84,349,350,1,12867,5210,7657,0
10.85,350,350,0,7657,0,7657,0
10.86,350,350,0,7657,0,7657,0
10.87,350,350,0,7657,0,7657,0
10.88,350,350,0,7657,0,7657,0
10.89,350,350,0,7657,0,7657,0
10.9,350,350,0,7657,0,7657,0
10.91,350,350,0,7657,0,7657,0
10.92,350,350,0,7657,0,7657,0
10.93,350,350,0,7657,0,7657,0
10.94,350,350,0,7657,0,7657,0
10.95,350,350,0,7657,0,7657,0
10.96,349,350,1,12867,5210,7657,0
10.97,350,350,0,7657,0,7657,0
10.98,350,350,0,7657,0,7657,0
10.99,350,350,0,7657,0,7657,0
11.0,350,350,0,7657,0,7657,0
11.01,350,350,0,7657,0,7657,0
11.02,350,350,0,7657,0,7657,0
11.03,350,350,0,7657,0,7657,0
11.04,350,350,0,7657,0,7657,0
11.05,350,350,0,7657,0,7657,0
11.06,350,350,0,7657,0,7657,0
11.07,350,350,0,7657,0,7657,0
11.08,349,350,1,12867,5210,7657,0
11.09,350,350,0,7657,0,7657,0
11.1,350,350,0,7657,0,7657,0
11.11,350,350,0,7657,0,7657,0
11.12,349,350,1,12867,5210,7657,0
11.13,350,350,0,7657,0,7657,0
11.14,350,350,0,7657,0,7657,0
11.15,350,350,0,7657,0,7657,0
11.16,348,350,2,18077,10420,7657,0
11.17,350,350,0,7657,0,7657,0
11.18,351,350,-1,2447,-5210,7657,0
11.19,350,350,0,7657,0,7657,0
11.2,350,350,0,7657,0,7657,0
11.21,350,350,0,7657,0,7657,0
11.22,351,350,-1,2447,-5210,7657,0
11.23,351,350,-1,2447,-5210,7657,0
11.24,350,350,0,7657,0,7657,0
11.25,350,350,0,7657,0,7657,0
11.26,351,350,-1,2447,-5210,7657,0
11.27,350,350,0,7657,0,7657,0
11.28,350,350,0,7657,0,7657,0
11.29,350,350,0,7657,0,7657,0
11.3,350,350,0,7657,0,7657,0
11.31,350,350,0,7657,0,7657,0
11.32,350,350,0,7657,0,7657,0
11.33,350,350,0,7657,0,7657,0
11.34,351,350,-1,2447,-5210,7657,0
11.35,351,350,-1,2447,-5210,7657,0
11.36,350,350,0,7657,0,7657,0
11.37,350,350,0,7657,0,7657,0
11.38,350,350,0,7657,0,7657,0
11.39,351,350,-1,2447,-5210,7657,0
11.4,350,350,0,7657,0,7657,0
11.41,350,350,0,7657,0,7657,0
11.42,351,350,-1,2447,-5210,7657,0
11.43,351,350,-1,2447,-5210,7657,0
11.44,350,350,0,7657,0,7657,0
11.45,350,350,0,7657,0,7657,0
11.46,350,350,0,7657,0,7657,0
11.47,351,350,-1,2447,-5210,7657,0
11.48,350,350,0,7657,0,7657,0
11.49,350,350,0,7657,0,7657,0
11.5,351,350,-1,2447,-5210,7657,0
11.51,350,350,0,7657,0,7657,0
11.52,350,350,0,7657,0,7657,0
11.53,350,350,0,7657,0,7657,0
11.54,350,350,0,7657,0,7657,0
11.55,351,350,-1,2447,-5210,7657,0
11.56,350,350,0,7657,0,7657,0
11.57,350,350,0,7657,0,7657,0
11.58,350,350,0,7657,0,7657,0
11.59,351,350,-1,2447,-5210,7657,0
11.6,350,350,0,7657,0,7657,0
11.61,350,350,0,7657,0,7657,0
11.62,350,350,0,7657,0,7657,0
11.63,351,350,-1,2447,-5210,7657,0
11.64,350,350,0,7657,0,7657,0
11.65,350,350,0,7657,0,7657,0
11.66,350,350,0,7657,0,7657,0
11.67,351,350,-1,2447,-5210,7657,0
11.68,350,350,0,7657,0,7657,0
11.69,350,350,0,7657,0,7657,0
11.7,350,350,0,7657,0,7657,0
11.71,351,350,-1,2447,-5210,7657,0
11.72,351,350,-1,2447,-5210,7657,0
11.73,350,350,0,7657,0,7657,0
11.74,350,350,0,7657,0,7657,0
11.75,351,350,-1,2447,-5210,7657,0
11.76,351,350,-1,2447,-5210,7657,0
11.77,350,350,0,7657,0,7657,0
11.78,350,350,0,7657,0,7657,0
11.79,351,350,-1,2447,-5210,7657,0
11.8,350,350,0,7657,0,7657,0
11.81,350,350,0,7657,0,7657,0
11.82,350,350,0,7657,0,7657,0
11.83,351,350,-1,2447,-5210,7657,0
11.84,350,350,0,7657,0,7657,0
11.85,350,350,0,7657,0,7657,0
11.86,350,350,0,7657,0,7657,0
11.87,351,350,-1,2447,-5210,7657,0
11.88,351,350,-1,2447,-5210,7657,0
11.89,350,350,0,7657,0,7657,0
11.9,350,350,0,7657,0,7657,0
11.91,351,350,-1,2447,-5210,7657,0
11.92,351,350,-1,2447,-5210,7657,0
11.93,350,200,-150,-250000,-781500,2741,0
11.94,350,200,-150,-250000,-781500,6191,0
11.95,351,200,-151,-250000,-786710,9523,0
11.96,351,200,-151,-250000,-786710,12869,0
11.97,350,200,-150,-250000,-781500,16164,0
11.98,350,200,-150,-250000,-781500,19279,0
11.99,351,200,-151,-250000,-786710,22283,0
12.0,350,200,-150,-250000,-781500,25343,0
12.01,347,200,-147,-250000,-765870,28326,0
12.02,342,200,-142,-250000,-739820,31104,26000
12.03,342,200,-142,-250000,-739820,32674,26000
12.04,343,200,-143,-250000,-745030,34173,0
12.05,338,200,-138,-250000,-718980,36545,26000
12.06,330,200,-130,-250000,-677300,37979,26000
12.07,329,200,-129,-250000,-672090,38628,26000
12.08,331,200,-131,-250000,-682510,39098,26000
12.09,326,200,-126,-250000,-656460,39915,26000
12.1,319,200,-119,-250000,-619990,40451,52000
12.11,318,200,-118,-250000,-614780,39673,52000
12.12,320,200,-120,-250000,-625200,38752,26000
12.13,316,200,-116,-250000,-604360,38829,26000
12.14,307,200,-107,-250000,-557470,38807,52000
12.15,306,200,-106,-250000,-552260,37289,52000
12.16,308,200,-108,-250000,-562680,35646,52000
12.17,303,200,-103,-250000,-536630,34402,52000
12.18,295,200,-95,-250000,-494950,32961,52000
12.19,292,200,-92,-250000,-479320,30873,52000
12.2,295,200,-95,-250000,-494950,28446,52000
12.21,292,200,-92,-250000,-479320,26470,52000
12.22,286,200,-86,-250000,-448060,24446,52000
12.23,285,200,-85,-250000,-442850,21919,52000
12.24,286,200,-86,-250000,-448060,19325,52000
12.25,284,200,-84,-250000,-437640,16959,52000
12.26,277,200,-77,-250000,-401170,14684,52000
12.27,274,200,-74,-250000,-385540,11880,52000
12.28,277,200,-77,-250000,-401170,8755,52000
12.29,274,200,-74,-250000,-385540,6099,52000
12.3,267,200,-67,-250000,-349070,3445,52000
12.31,263,200,-63,-249927,-328230,303,78000
12.32,265,200,-65,-250000,-338650,-3864,52000
12.33,264,200,-64,-250000,-333440,-7051,52000
12.34,257,200,-57,-250000,-296970,-10028,52000
12.35,253,200,-53,-211614,-276130,-13484,78000
12.36,255,200,-55,-250000,-286550,-17000,52000
12.37,254,200,-54,-249850,-281340,-20510,52000
12.38,246,200,-46,-185426,-239660,-23766,78000
12.39,242,200,-42,-167451,-218820,-26631,78000
12.4,244,200,-44,-206671,-229240,-29431,52000
12.41,243,200,-43,-204293,-224030,-32263,52000
12.42,236,200,-36,-144395,-187560,-34835,78000
12.43,231,200,-31,-120526,-161510,-37016,78000
12.44,232,200,-32,-153787,-166720,-39067,52000
12.45,233,200,-33,-161113,-171930,-41183,52000
12.46,227,200,-27,-105806,-140670,-43136,78000
12.47,223,200,-23,-86594,-119830,-44764,78000
12.48,224,200,-24,-119334,-125040,-46294,52000
12.49,224,200,-24,-120896,-125040,-47856,52000
12.5,220,200,-20,-101488,-104200,-49288,52000
12.51,215,200,-15,-50577,-78150,-50427,78000
12.52,216,200,-16,-82796,-83360,-51436,52000
12.53,217,200,-17,-89080,-88570,-52510,52000
12.54,213,200,-13,-69216,-67730,-53486,52000
12.55,210,200,-10,-54334,-52100,-54234,52000
12.56,211,200,-11,-60227,-57310,-54917,52000
12.57,211,200,-11,-60943,-57310,-55633,52000
12.58,209,200,-9,-51174,-46890,-56284,52000
12.59,208,200,-8,-46517,-41680,-56837,52000
12.6,209,200,-9,-52280,-46890,-57390,52000
12.61,209,200,-9,-52866,-46890,-57976,52000
12.62,207,200,-7,-42966,-36470,-58496,52000
12.63,205,200,-5,-32936,-26050,-58886,52000
12.64,206,200,-6,-64504,-31260,-59244,26000
12.65,206,200,-6,-64894,-31260,-59634,26000
12.66,204,200,-4,-54799,-20840,-59959,26000
12.67,203,200,-3,-49589,-15630,-59959,26000
12.68,203,200,-3,-49589,-15630,-59959,26000
12.69,204,200,-4,-55026,-20840,-60186,26000
12.7,203,200,-3,-49816,-15630,-60186,26000
12.71,203,200,-3,-49816,-15630,-60186,26000
12.72,203,200,-3,-49816,-15630,-60186,26000
12.73,203,200,-3,-49816,-15630,-60186,26000
12.74,202,200,-2,-44606,-10420,-60186,26000
12.75,200,200,0,-34186,0,-60186,26000
12.76,200,200,0,-34186,0,-60186,26000
12.77,201,200,-1,-39396,-5210,-60186,26000
12.78,200,200,0,-34186,0,-60186,26000
12.79,199,200,1,-28976,5210,-60186,26000
12.8,201,200,-1,-39396,-5210,-60186,26000
12.81,201,200,-1,-39396,-5210,-60186,26000
12.82,200,200,0,-34186,0,-60186,26000
12.83,200,200,0,-34186,0,-60186,26000
12.84,200,200,0,-34186,0,-60186,26000
12.85,201,200,-1,-39396,-5210,-60186,26000
12.86,200,200,0,-34186,0,-60186,26000
12.87,200,200,0,-60186,0,-60186,0
12.88,200,200,0,-60186,0,-60186,0
12.89,201,200,-1,-65396,-5210,-60186,0
12.9,200,200,0,-60186,0,-60186,0
12.91,199,200,1,-28976,5210,-60186,26000
12.92,200,200,0,-60186,0,-60186,0
12.93,201,200,-1,-65396,-5210,-60186,0
12.94,200,200,0,-60186,0,-60186,0
12.95,199,200,1,-54976,5210,-60186,0
12.96,200,200,0,-60186,0,-60186,0
12.97,201,200,-1,-65396,-5210,-60186,0
12.98,200,200,0,-60186,0,-60186,0
12.99,200,200,0,-60186,0,-60186,0
13.0,200,200,0,-60186,0,-60186,0
13.01,201,200,-1,-65396,-5210,-60186,0
13.02,200,200,0,-60186,0,-60186,0
13.03,198,200,2,-23766,10420,-60186,26000
13.04,196,200,4,-13151,20840,-59991,26000
13.05,197,200,3,-44361,15630,-59991,0
13.06,197,200,3,-44361,15630,-59991,0
13.07,198,200,2,-49571,10420,-59991,0
13.08,201,200,-1,-65201,-5210,-59991,0
13.09,201,200,-1,-65201,-5210,-59991,0
13.1,200,200,0,-59991,0,-59991,0
13.11,200,200,0,-59991,0,-59991,0
13.12,200,200,0,-59991,0,-59991,0
13.13,201,200,-1,-65201,-5210,-59991,0
13.14,201,200,-1,-65201,-5210,-59991,0
13.15,199,200,1,-54781,5210,-59991,0
13.16,200,200,0,-59991,0,-59991,0
13.17,201,200,-1,-65201,-5210,-59991,0
13.18,201,200,-1,-65201,-5210,-59991,0
13.19,200,200,0,-59991,0,-59991,0
13.2,201,200,-1,-65201,-5210,-59991,0
13.21,201,200,-1,-65201,-5210,-59991,0
13.22,201,200,-1,-65201,-5210,-59991,0
13.23,201,200,-1,-65201,-5210,-59991,0
13.24,201,200,-1,-65201,-5210,-59991,0
13.25,201,200,-1,-65201,-5210,-59991,0
13.26,201,200,-1,-65201,-5210,-59991,0
13.27,200,200,0,-59991,0,-59991,0
13.28,201,200,-1,-65201,-5210,-59991,0
13.29,201,200,-1,-65201,-5210,-59991,0
13.3,201,200,-1,-65201,-5210,-59991,0
13.31,201,200,-1,-65201,-5210,-59991,0
13.32,200,200,0,-59991,0,-59991,0
13.33,201,200,-1,-65201,-5210,-59991,0
13.34,201,200,-1,-65201,-5210,-59991,0
13.35,201,200,-1,-65201,-5210,-59991,0
13.36,200,200,0,-59991,0,-59991,0
13.37,201,200,-1,-65201,-5210,-59991,0
13.38,201,200,-1,-65201,-5210,-59991,0
13.39,201,200,-1,-65201,-5210,-59991,0
13.4,200,200,0,-59991,0,-59991,0
13.41,201,200,-1,-65201,-5210,-59991,0
13.42,201,200,-1,-65201,-5210,-59991,0
13.43,201,200,-1,-65201,-5210,-59991,0
13.44,200,200,0,-59991,0,-59991,0
13.45,201,200,-1,-65201,-5210,-59991,0
13.46,201,200,-1,-65201,-5210,-59991,0
13.47,201,200,-1,-65201,-5210,-59991,0
13.48,200,200,0,-59991,0,-59991,0
13.49,201,200,-1,-65201,-5210,-59991,0
13.5,201,200,-1,-65201,-5210,-59991,0
13.51,201,200,-1,-65201,-5210,-59991,0
13.52,200,200,0,-59991,0,-59991,0
13.53,201,200,-1,-65201,-5210,-59991,0
13.54,201,200,-1,-65201,-5210,-59991,0
13.55,201,200,-1,-65201,-5210,-59991,0
13.56,200,200,0,-59991,0,-59991,0
13.57,201,200,-1,-65201,-5210,-59991,0
13.58,201,200,-1,-65201,-5210,-59991,0
13.59,201,200,-1,-65201,-5210,-59991,0
13.6,200,200,0,-59991,0,-59991,0
13.61,201,200,-1,-65201,-5210,-59991,0
13.62,201,200,-1,-65201,-5210,-59991,0
13.63,201,200,-1,-65201,-5210,-59991,0
13.64,200,200,0,-59991,0,-59991,0
13.65,201,200,-1,-65201,-5210,-59991,0
13.66,201,200,-1,-65201,-5210,-59991,0
13.67,201,200,-1,-65201,-5210,-59991,0
13.68,200,200,0,-59991,0,-59991,0
13.69,201,200,-1,-65201,-5210,-59991,0
13.7,201,200,-1,-65201,-5210,-59991,0
13.71,201,200,-1,-65201,-5210,-59991,0
13.72,200,200,0,-59991,0,-59991,0
13.73,201,200,-1,-65201,-5210,-59991,0
13.74,201,200,-1,-65201,-5210,-59991,0
13.75,201,200,-1,-65201,-5210,-59991,0
13.76,200,200,0,-59991,0,-59991,0
13.77,201,200,-1,-65201,-5210,-59991,0
13.78,201,200,-1,-65201,-5210,-59991,0
13.79,201,200,-1,-65201,-5210,-59991,0
13.8,200,200,0,-59991,0,-59991,0
13.81,200,200,0,-59991,0,-59991,0
13.82,201,200,-1,-65201,-5210,-59991,0
13.83,201,200,-1,-65201,-5210,-59991,0
13.84,200,200,0,-59991,0,-59991,0
13.85,200,200,0,-59991,0,-59991,0
13.86,201,200,-1,-65201,-5210,-59991,0
13.87,201,200,-1,-65201,-5210,-59991,0
13.88,201,200,-1,-65201,-5210,-59991,0
13.89,201,200,-1,-65201,-5210,-59991,0
13.9,201,200,-1,-65201,-5210,-59991,0
13.91,201,200,-1,-65201,-5210,-59991,0
13.92,201,200,-1,-65201,-5210,-59991,0
13.93,201,200,-1,-65201,-5210,-59991,0
13.94,201,200,-1,-65201,-5210,-59991,0
13.95,201,200,-1,-65201,-5210,-59991,0
13.96,201,200,-1,-65201,-5210,-59991,0
13.97,200,200,0,-59991,0,-59991,0
13.98,201,200,-1,-65201,-5210,-59991,0
13.99,201,200,-1,-65201,-5210,-59991,0
14.0,201,200,-1,-65201,-5210,-59991,0
14.01,200,200,0,-59991,0,-59991,0
14.02,201,200,-1,-65201,-5210,-59991,0
14.03,202,200,-2,-70411,-10420,-59991,0
14.04,201,200,-1,-65201,-5210,-59991,0
14.05,200,200,0,-59991,0,-59991,0
14.06,201,200,-1,-65201,-5210,-59991,0
14.07,201,200,-1,-65201,-5210,-59991,0
14.08,201,200,-1,-65201,-5210,-59991,0
14.09,200,200,0,-59991,0,-59991,0
14.1,201,200,-1,-65201,-5210,-59991,0
14.11,201,200,-1,-65201,-5210,-59991,0
14.12,201,200,-1,-65201,-5210,-59991,0
14.13,200,200,0,-59991,0,-59991,0
14.14,201,200,-1,-65201,-5210,-59991,0
14.15,201,200,-1,-65201,-5210,-59991,0
14.16,201,200,-1,-65201,-5210,-59991,0
14.17,200,200,0,-59991,0,-59991,0
14.18,200,200,0,-59991,0,-59991,0
14.19,201,200,-1,-65201,-5210,-59991,0
14.2,200,200,0,-59991,0,-59991,0
14.21,199,200,1,-54781,5210,-59991,0
14.22,200,200,0,-59991,0,-59991,0
14.23,201,200,-1,-65201,-5210,-59991,0
14.24,200,200,0,-59991,0,-59991,0
14.25,200,200,0,-59991,0,-59991,0
14.26,200,200,0,-59991,0,-59991,0
14.27,201,200,-1,-65201,-5210,-59991,0
14.28,200,200,0,-59991,0,-59991,0
14.29,200,200,0,-59991,0,-59991,0
14.3,200,200,0,-59991,0,-59991,0
14.31,201,200,-1,-65201,-5210,-59991,0
14.32,200,200,0,-59991,0,-59991,0
14.33,199,200,1,-54781,5210,-59991,0
14.34,200,200,0,-59991,0,-59991,0
14.35,201,200,-1,-65201,-5210,-59991,0
14.36,200,200,0,-59991,0,-59991,0
14.37,200,200,0,-59991,0,-59991,0
14.38,200,200,0,-59991,0,-59991,0
14.39,201,200,-1,-65201,-5210,-59991,0
14.4,200,200,0,-59991,0,-59991,0
14.41,200,200,0,-59991,0,-59991,0
14.42,200,200,0,-59991,0,-59991,0
14.43,201,200,-1,-65201,-5210,-59991,0
14.44,201,200,-1,-65201,-5210,-59991,0
14.45,200,200,0,-59991,0,-59991,0
14.46,200,200,0,-59991,0,-59991,0
14.47,200,200,0,-59991,0,-59991,0
14.48,200,200,0,-59991,0,-59991,0
14.49,200,200,0,-59991,0,-59991,0
14.5,200,200,0,-59991,0,-59991,0
14.51,201,200,-1,-65201,-5210,-59991,0
14.52,200,200,0,-59991,0,-59991,0
14.53,200,200,0,-59991,0,-59991,0
14.54,200,200,0,-59991,0,-59991,0
14.55,200,200,0,-59991,0,-59991,0
14.56,201,200,-1,-65201,-5210,-59991,0
14.57,200,200,0,-59991,0,-59991,0
14.58,200,200,0,-59991,0,-59991,0
14.59,200,200,0,-59991,0,-59991,0
14.6,201,200,-1,-65201,-5210,-59991,0
14.61,200,200,0,-59991,0,-59991,0
14.62,200,200,0,-59991,0,-59991,0
14.63,200,200,0,-59991,0,-59991,0
14.64,201,200,-1,-65201,-5210,-59991,0
14.65,200,200,0,-59991,0,-59991,0
14.66,200,200,0,-59991,0,-59991,0
14.67,200,200,0,-59991,0,-59991,0
14.68,201,200,-1,-65201,-5210,-59991,0
14.69,200,200,0,-59991,0,-59991,0
14.7,200,200,0,-59991,0,-59991,0
14.71,200,200,0,-59991,0,-59991,0
14.72,201,200,-1,-65201,-5210,-59991,0
14.73,200,200,0,-59991,0,-59991,0
14.74,199,200,1,-54781,5210,-59991,0
14.75,201,200,-1,-65201,-5210,-59991,0
14.76,201,200,-1,-65201,-5210,-59991,0
14.77,200,200,0,-59991,0,-59991,0
14.78,201,200,-1,-65201,-5210,-59991,0
14.79,200,200,0,-59991,0,-59991,0
14.8,201,200,-1,-65201,-5210,-59991,0
14.81,200,200,0,-59991,0,-59991,0
14.82,200,200,0,-59991,0,-59991,0
14.83,200,200,0,-59991,0,-59991,0
14.84,201,200,-1,-65201,-5210,-59991,0
14.85,201,200,-1,-65201,-5210,-59991,0
14.86,199,200,1,-54781,5210,-59991,0
14.87,200,200,0,-59991,0,-59991,0
14.88,201,200,-1,-65201,-5210,-59991,0
14.89,200,200,0,-59991,0,-59991,0
14.9,199,200,1,-54781,5210,-59991,0
14.91,200,200,0,-59991,0,-59991,0
14.92,201,200,-1,-65201,-5210,-59991,0
14.93,200,200,0,-59991,0,-59991,0
14.94,200,200,0,-59991,0,-59991,0
14.95,200,200,0,-59991,0,-59991,0
14.96,201,200,-1,-65201,-5210,-59991,0
14.97,200,200,0,-59991,0,-59991,0
14.98,200,200,0,-59991,0,-59991,0
14.99,200,200,0,-59991,0,-59991,0
15.0,201,200,-1,-65201,-5210,-59991,0
15.01,200,200,0,-59991,0,-59991,0
15.02,200,200,0,-59991,0,-59991,0
15.03,200,200,0,-59991,0,-59991,0
15.04,201,200,-1,-65201,-5210,-59991,0
15.05,200,200,0,-59991,0,-59991,0
15.06,200,200,0,-59991,0,-59991,0
15.07,200,200,0,-59991,0,-59991,0
15.08,201,200,-1,-65201,-5210,-59991,0
15.09,201,200,-1,-65201,-5210,-59991,0
15.1,200,200,0,-59991,0,-59991,0
15.11,200,200,0,-59991,0,-59991,0
15.12,201,200,-1,-65201,-5210,-59991,0
15.13,201,200,-1,-65201,-5210,-59991,0
15.14,200,200,0,-59991,0,-59991,0
15.15,200,200,0,-59991,0,-59991,0
15.16,201,200,-1,-65201,-5210,-59991,0
15.17,200,200,0,-59991,0,-59991,0
15.18,199,200,1,-54781,5210,-59991,0
15.19,197,200,3,-44361,15630,-59991,0
15.2,197,200,3,-44361,15630,-59991,0
15.21,198,200,2,-49571,10420,-59991,0
15.22,198,200,2,-49571,10420,-59991,0
15.23,200,200,0,-59991,0,-59991,0
15.24,202,200,-2,-70411,-10420,-59991,0
15.25,201,200,-1,-65201,-5210,-59991,0
15.26,201,200,-1,-65201,-5210,-59991,0
15.27,201,200,-1,-65201,-5210,-59991,0
15.28,201,200,-1,-65201,-5210,-59991,0
15.29,201,200,-1,-65201,-5210,-59991,0
15.3,201,200,-1,-65201,-5210,-59991,0
15.31,200,200,0,-59991,0,-59991,0
15.32,201,200,-1,-65201,-5210,-59991,0
15.33,201,200,-1,-65201,-5210,-59991,0
15.34,200,200,0,-59991,0,-59991,0
15.35,197,200,3,-44361,15630,-59991,0
15.36,197,200,3,-44361,15630,-59991,0
15.37,198,200,2,-49571,10420,-59991,0
15.38,198,200,2,-49571,10420,-59991,0
15.39,199,200,1,-54781,5210,-59991,0
15.4,202,200,-2,-70411,-10420,-59991,0
15.41,201,200,-1,-65201,-5210,-59991,0
15.42,201,200,-1,-65201,-5210,-59991,0
15.43,201,200,-1,-65201,-5210,-59991,0
15.44,201,200,-1,-65201,-5210,-59991,0
15.45,201,200,-1,-65201,-5210,-59991,0
15.46,201,200,-1,-65201,-5210,-59991,0
15.47,200,200,0,-59991,0,-59991,0
15.48,201,200,-1,-65201,-5210,-59991,0
15.49,201,200,-1,-65201,-5210,-59991,0
15.5,201,200,-1,-65201,-5210,-59991,0
15.51,200,200,0,-59991,0,-59991,0
15.52,201,200,-1,-65201,-5210,-59991,0
15.53,202,200,-2,-70411,-10420,-59991,0
15.54,201,200,-1,-65201,-5210,-59991,0
15.55,200,200,0,-59991,0,-59991,0
15.56,201,200,-1,-65201,-5210,-59991,0
15.57,201,200,-1,-65201,-5210,-59991,0
15.58,201,200,-1,-65201,-5210,-59991,0
15.59,200,200,0,-59991,0,-59991,0
15.6,201,200,-1,-65201,-5210,-59991,0
15.61,201,200,-1,-65201,-5210,-59991,0
15.62,201,200,-1,-65201,-5210,-59991,0
15.63,200,200,0,-59991,0,-59991,0
15.64,201,200,-1,-65201,-5210,-59991,0
15.65,201,200,-1,-65201,-5210,-59991,0
15.66,201,200,-1,-65201,-5210,-59991,0
15.67,201,200,-1,-65201,-5210,-59991,0
15.68,201,200,-1,-65201,-5210,-59991,0
15.69,201,200,-1,-65201,-5210,-59991,0
15.7,201,200,-1,-65201,-5210,-59991,0
15.71,200,200,0,-59991,0,-59991,0
15.72,201,200,-1,-65201,-5210,-59991,0
15.73,201,200,-1,-65201,-5210,-59991,0
15.74,201,200,-1,-65201,-5210,-59991,0
15.75,201,200,-1,-65201,-5210,-59991,0
15.76,200,200,0,-59991,0,-59991,0
15.77,201,200,-1,-65201,-5210,-59991,0
15.78,201,200,-1,-65201,-5210,-59991,0
15.79,200,200,0,-59991,0,-59991,0
15.8,201,200,-1,-65201,-5210,-59991,0
15.81,201,200,-1,-65201,-5210,-59991,0
15.82,201,200,-1,-65201,-5210,-59991,0
15.83,200,200,0,-59991,0,-59991,0
15.84,200,200,0,-59991,0,-59991,0
15.85,201,200,-1,-65201,-5210,-59991,0
15.86,201,200,-1,-65201,-5210,-59991,0
15.87,201,200,-1,-65201,-5210,-59991,0
15.88,200,200,0,-59991,0,-59991,0
15.89,201,200,-1,-65201,-5210,-59991,0
15.9,201,200,-1,-65201,-5210,-59991,0
15.91,201,200,-1,-65201,-5210,-59991,0
15.92,201,200,-1,-65201,-5210,-59991,0
15.93,201,200,-1,-65201,-5210,-59991,0
15.94,201,200,-1,-65201,-5210,-59991,0
15.95,201,200,-1,-65201,-5210,-59991,0
15.96,200,200,0,-59991,0,-59991,0
15.97,201,200,-1,-65201,-5210,-59991,0
15.98,201,200,-1,-65201,-5210,-59991,0
15.99,201,200,-1,-65201,-5210,-59991,0
16.0,200,200,0,-59991,0,-59991,0
16.01,201,200,-1,-65201,-5210,-59991,0
16.02,201,200,-1,-65201,-5210,-59991,0
16.03,201,200,-1,-65201,-5210,-59991,0
16.04,200,200,0,-59991,0,-59991,0
16.05,201,200,-1,-65201,-5210,-59991,0
16.06,201,200,-1,-65201,-5210,-59991,0
16.07,201,200,-1,-65201,-5210,-59991,0
16.08,200,200,0,-59991,0,-59991,0
16.09,201,200,-1,-65201,-5210,-59991,0
16.1,201,200,-1,-65201,-5210,-59991,0
16.11,201,200,-1,-65201,-5210,-59991,0
16.12,200,200,0,-59991,0,-59991,0
16.13,201,200,-1,-65201,-5210,-59991,0
16.14,201,200,-1,-65201,-5210,-59991,0
16.15,201,200,-1,-65201,-5210,-59991,0
16.16,200,200,0,-59991,0,-59991,0
16.17,201,200,-1,-65201,-5210,-59991,0
16.18,201,200,-1,-65201,-5210,-59991,0
16.19,200,200,0,-59991,0,-59991,0
16.2,199,200,1,-54781,5210,-59991,0
16.21,200,200,0,-59991,0,-59991,0
16.22,201,200,-1,-65201,-5210,-59991,0
16.23,200,200,0,-59991,0,-59991,0
16.24,199,200,1,-54781,5210,-59991,0
16.25,200,200,0,-59991,0,-59991,0
16.26,201,200,-1,-65201,-5210,-59991,0
16.27,200,200,0,-59991,0,-59991,0
16.28,199,200,1,-54781,5210,-59991,0
16.29,200,200,0,-59991,0,-59991,0
16.3,201,200,-1,-65201,-5210,-59991,0
16.31,201,200,-1,-65201,-5210,-59991,0
16.32,200,200,0,-59991,0,-59991,0
16.33,200,200,0,-59991,0,-59991,0
16.34,201,200,-1,-65201,-5210,-59991,0
16.35,200,200,0,-59991,0,-59991,0
16.36,200,200,0,-59991,0,-59991,0
16.37,200,200,0,-59991,0,-59991,0
16.38,201,200,-1,-65201,-5210,-59991,0
16.39,201,200,-1,-65201,-5210,-59991,0
16.4,200,200,0,-59991,0,-59991,0
16.41,200,200,0,-59991,0,-59991,0
16.42,200,200,0,-59991,0,-59991,0
16.43,201,200,-1,-65201,-5210,-59991,0
16.44,200,200,0,-59991,0,-59991,0
16.45,200,200,0,-59991,0,-59991,0
16.46,201,200,-1,-65201,-5210,-59991,0
16.47,201,200,-1,-65201,-5210,-59991,0
16.48,200,200,0,-59991,0,-59991,0
16.49,200,200,0,-59991,0,-59991,0
16.5,201,200,-1,-65201,-5210,-59991,0
16.51,201,200,-1,-65201,-5210,-59991,0
16.52,200,200,0,-59991,0,-59991,0
16.53,198,200,2,-49571,10420,-59991,0
16.54,201,200,-1,-65201,-5210,-59991,0
16.55,201,200,-1,-65201,-5210,-59991,0
16.56,200,200,0,-59991,0,-59991,0
16.57,200,200,0,-59991,0,-59991,0
16.58,200,200,0,-59991,0,-59991,0
16.59,201,200,-1,-65201,-5210,-59991,0
16.6,200,200,0,-59991,0,-59991,0
16.61,200,200,0,-59991,0,-59991,0
16.62,200,200,0,-59991,0,-59991,0
16.63,201,200,-1,-65201,-5210,-59991,0
16.64,200,200,0,-59991,0,-59991,0
16.65,200,200,0,-59991,0,-59991,0
16.66,200,200,0,-59991,0,-59991,0
16.67,201,200,-1,-65201,-5210,-59991,0
16.68,200,200,0,-59991,0,-59991,0
16.69,200,200,0,-59991,0,-59991,0
16.7,200,200,0,-59991,0,-59991,0
16.71,201,200,-1,-65201,-5210,-59991,0
16.72,200,200,0,-59991,0,-59991,0
16.73,199,200,1,-54781,5210,-59991,0
16.74,200,200,0,-59991,0,-59991,0
16.75,201,200,-1,-65201,-5210,-59991,0
16.76,200,200,0,-59991,0,-59991,0
16.77,199,200,1,-54781,5210,-59991,0
16.78,200,200,0,-59991,0,-59991,0
16.79,201,200,-1,-65201,-5210,-59991,0
16.8,200,200,0,-59991,0,-59991,0
16.81,200,200,0,-59991,0,-59991,0
16.82,200,200,0,-59991,0,-59991,0
16.83,201,200,-1,-65201,-5210,-59991,0
16.84,200,200,0,-59991,0,-59991,0
16.85,200,200,0,-59991,0,-59991,0
16.86,200,200,0,-59991,0,-59991,0
16.87,201,200,-1,-65201,-5210,-59991,0
16.88,200,200,0,-59991,0,-59991,0
16.89,200,200,0,-59991,0,-59991,0
16.9,200,200,0,-59991,0,-59991,0
16.91,201,200,-1,-65201,-5210,-59991,0
16.92,200,200,0,-59991,0,-59991,0
16.93,198,200,2,-49571,10420,-59991,0
16.94,196,200,4,-12956,20840,-59796,26000
16.95,197,200,3,-44166,15630,-59796,0
16.96,197,200,3,-44166,15630,-59796,0
16.97,198,200,2,-49376,10420,-59796,0
16.98,200,200,0,-59796,0,-59796,0
16.99,201,200,-1,-65006,-5210,-59796,0
17.0,200,200,0,-59796,0,-59796,0
17.01,200,200,0,-59796,0,-59796,0
17.02,200,200,0,-59796,0,-59796,0
17.03,201,200,-1,-65006,-5210,-59796,0
17.04,201,200,-1,-65006,-5210,-59796,0
17.05,199,200,1,-54586,5210,-59796,0
17.06,200,200,0,-59796,0,-59796,0
17.07,201,200,-1,-65006,-5210,-59796,0
17.08,201,200,-1,-65006,-5210,-59796,0
17.09,200,200,0,-59796,0,-59796,0
17.1,200,200,0,-59796,0,-59796,0
17.11,201,200,-1,-65006,-5210,-59796,0
17.12,201,200,-1,-65006,-5210,-59796,0
17.13,200,200,0,-59796,0,-59796,0
17.14,200,200,0,-59796,0,-59796,0
17.15,200,200,0,-59796,0,-59796,0
17.16,201,200,-1,-65006,-5210,-59796,0
17.17,200,200,0,-59796,0,-59796,0
17.18,200,200,0,-59796,0,-59796,0
17.19,201,200,-1,-65006,-5210,-59796,0
17.2,201,200,-1,-65006,-5210,-59796,0
17.21,201,200,-1,-65006,-5210,-59796,0
17.22,200,200,0,-59796,0,-59796,0
17.23,201,200,-1,-65006,-5210,-59796,0
17.24,201,200,-1,-65006,-5210,-59796,0
17.25,201,200,-1,-65006,-5210,-59796,0
17.26,200,200,0,-59796,0,-59796,0
17.27,201,200,-1,-65006,-5210,-59796,0
17.28,201,200,-1,-65006,-5210,-59796,0
17.29,201,200,-1,-65006,-5210,-59796,0
17.3,201,200,-1,-65006,-5210,-59796,0
17.31,201,200,-1,-65006,-5210,-59796,0
17.32,201,200,-1,-65006,-5210,-59796,0
17.33,201,200,-1,-65006,-5210,-59796,0
17.34,201,200,-1,-65006,-5210,-59796,0
17.35,201,200,-1,-65006,-5210,-59796,0
17.36,201,200,-1,-65006,-5210,-59796,0
17.37,201,200,-1,-65006,-5210,-59796,0
17.38,200,200,0,-59796,0,-59796,0
17.39,201,200,-1,-65006,-5210,-59796,0
17.4,201,200,-1,-65006,-5210,-59796,0
17.41,201,200,-1,-65006,-5210,-59796,0
17.42,200,200,0,-59796,0,-59796,0
17.43,201,200,-1,-65006,-5210,-59796,0
17.44,201,200,-1,-65006,-5210,-59796,0
17.45,201,200,-1,-65006,-5210,-59796,0
17.46,200,200,0,-59796,0,-59796,0
17.47,201,200,-1,-65006,-5210,-59796,0
17.48,201,200,-1,-65006,-5210,-59796,0
17.49,201,200,-1,-65006,-5210,-59796,0
17.5,200,200,0,-59796,0,-59796,0
17.51,201,200,-1,-65006,-5210,-59796,0
17.52,201,200,-1,-65006,-5210,-59796,0
17.53,201,200,-1,-65006,-5210,-59796,0
17.54,201,200,-1,-65006,-5210,-59796,0
17.55,201,200,-1,-65006,-5210,-59796,0
17.56,201,200,-1,-65006,-5210,-59796,0
17.57,201,200,-1,-65006,-5210,-59796,0
17.58,201,200,-1,-65006,-5210,-59796,0
17.59,201,200,-1,-65006,-5210,-59796,0
17.6,201,200,-1,-65006,-5210,-59796,0
17.61,201,200,-1,-65006,-5210,-59796,0
17.62,200,200,0,-59796,0,-59796,0
17.63,201,200,-1,-65006,-5210,-59796,0
17.64,201,200,-1,-65006,-5210,-59796,0
17.65,201,200,-1,-65006,-5210,-59796,0
17.66,201,200,-1,-65006,-5210,-59796,0
17.67,201,200,-1,-65006,-5210,-59796,0
17.68,201,200,-1,-65006,-5210,-59796,0
17.69,201,200,-1,-65006,-5210,-59796,0
17.7,200,200,0,-59796,0,-59796,0
17.71,201,200,-1,-65006,-5210,-59796,0
17.72,201,200,-1,-65006,-5210,-59796,0
17.73,201,200,-1,-65006,-5210,-59796,0
17.74,201,200,-1,-65006,-5210,-59796,0
17.75,200,200,0,-59796,0,-59796,0
17.76,201,200,-1,-65006,-5210,-59796,0
17.77,201,200,-1,-65006,-5210,-59796,0
17.78,201,200,-1,-65006,-5210,-59796,0
17.79,200,200,0,-59796,0,-59796,0
17.8,201,200,-1,-65006,-5210,-59796,0
17.81,201,200,-1,-65006,-5210,-59796,0
17.82,201,200,-1,-65006,-5210,-59796,0
17.83,200,200,0,-59796,0,-59796,0
17.84,201,200,-1,-65006,-5210,-59796,0
17.85,201,200,-1,-65006,-5210,-59796,0
17.86,201,200,-1,-65006,-5210,-59796,0
17.87,200,200,0,-59796,0,-59796,0
17.88,201,200,-1,-65006,-5210,-59796,0
17.89,201,200,-1,-65006,-5210,-59796,0
17.9,201,200,-1,-65006,-5210,-59796,0
17.91,200,200,0,-59796,0,-59796,0
17.92,201,200,-1,-65006,-5210,-59796,0
17.93,201,200,-1,-65006,-5210,-59796,0
17.94,201,200,-1,-65006,-5210,-59796,0
17.95,200,200,0,-59796,0,-59796,0
17.96,201,200,-1,-65006,-5210,-59796,0
17.97,201,200,-1,-65006,-5210,-59796,0
17.98,201,200,-1,-65006,-5210,-59796,0
17.99,200,200,0,-59796,0,-59796,0
18.0,201,200,-1,-65006,-5210,-59796,0
18.01,201,200,-1,-65006,-5210,-59796,0
18.02,201,200,-1,-65006,-5210,-59796,0
18.03,200,200,0,-59796,0,-59796,0
18.04,201,200,-1,-65006,-5210,-59796,0
18.05,201,200,-1,-65006,-5210,-59796,0
18.06,201,200,-1,-65006,-5210,-59796,0
18.07,200,200,0,-59796,0,-59796,0
18.08,201,200,-1,-65006,-5210,-59796,0
18.09,201,200,-1,-65006,-5210,-59796,0
18.1,201,200,-1,-65006,-5210,-59796,0
18.11,201,200,-1,-65006,-5210,-59796,0
18.12,201,200,-1,-65006,-5210,-59796,0
18.13,201,300,-1,-65006,-5210,-59796,0
18.14,201,300,-1,-65006,-5210,-59796,0
18.15,200,300,100,250000,521000,-56573,0
18.16,201,300,99,250000,515790,-55455,0
18.17,201,300,99,250000,515790,-54267,0
18.18,201,300,99,250000,515790,-53109,0
18.19,200,300,100,250000,521000,-51947,0
18.2,200,300,100,250000,521000,-50912,0
18.21,201,300,99,250000,515790,-49935,0
18.22,201,300,99,250000,515790,-48885,0
18.23,202,300,98,250000,510580,-47894,0
18.24,206,300,94,250000,489740,-46960,0
18.25,207,300,93,250000,484530,-45691,0
18.26,206,300,94,250000,489740,-44324,0
18.27,209,300,91,250000,474110,-43186,0
18.28,214,300,86,250000,448060,-41946,-26000
18.29,215,300,85,250000,442850,-39632,-26000
18.3,214,300,86,250000,448060,-37245,0
18.31,218,300,82,250000,427220,-35796,-26000
18.32,224,300,76,250000,395960,-33538,-26000
18.33,226,300,74,250000,385540,-30815,-26000
18.34,224,300,76,250000,395960,-27900,-26000
18.35,228,300,72,250000,375120,-25383,-26000
18.36,235,300,65,250000,338650,-22766,-26000
18.37,236,300,64,250000,333440,-19563,-26000
18.38,235,300,65,250000,338650,-16310,-26000
18.39,238,300,62,250000,323020,-13334,-26000
18.4,245,300,55,224183,286550,-10367,-52000
18.41,248,300,52,212036,270920,-6884,-52000
18.42,246,300,54,225907,281340,-3433,-52000
18.43,249,300,51,213695,265710,-15,-52000
18.44,256,300,44,180318,229240,3078,-52000
18.45,258,300,42,172698,218820,5878,-52000
18.46,257,300,43,180675,224030,8645,-52000
18.47,260,300,40,167747,208400,11347,-52000
18.48,267,300,33,133653,171930,13723,-52000
18.49,269,300,31,125316,161510,15806,-52000
18.5,268,300,32,132577,166720,17857,-52000
18.51,269,300,31,129418,161510,19908,-52000
18.52,275,300,25,99981,130250,21731,-52000
18.53,277,300,23,91123,119830,23293,-52000
18.54,276,300,24,97863,125040,24823,-52000
18.55,277,300,23,94183,119830,26353,-52000
18.56,280,300,20,79953,104200,27753,-52000
18.57,282,300,18,70770,93780,28990,-52000
18.58,282,300,18,71942,93780,30162,-52000
18.59,282,300,18,73114,93780,31334,-52000
18.6,284,300,16,63801,83360,32441,-52000
18.61,286,300,14,54357,72940,33417,-52000
18.62,286,300,14,55268,72940,34328,-52000
18.63,286,300,14,82179,72940,35239,-26000
18.64,287,300,13,77848,67730,36118,-26000
18.65,289,300,11,68209,57310,36899,-26000
18.66,289,300,11,68925,57310,37615,-26000
18.67,289,300,11,69641,57310,38331,-26000
18.68,290,300,10,65114,52100,39014,-26000
18.69,291,300,9,60522,46890,39632,-26000
18.7,291,300,9,61108,46890,40218,-26000
18.71,292,300,8,56451,41680,40771,-26000
18.72,294,300,6,46486,31260,41226,-26000
18.73,297,300,3,31149,15630,41519,-26000
18.74,297,300,3,31344,15630,41714,-26000
18.75,296,300,4,36781,20840,41941,-26000
18.76,297,300,3,31798,15630,42168,-26000
18.77,296,300,4,37235,20840,42395,-26000
18.78,297,300,3,32252,15630,42622,-26000
18.79,297,300,3,32447,15630,42817,-26000
18.8,297,300,3,32642,15630,43012,-26000
18.81,300,300,0,17012,0,43012,-26000
18.82,300,300,0,17012,0,43012,-26000
18.83,299,300,1,22222,5210,43012,-26000
18.84,299,300,1,22222,5210,43012,-26000
18.85,299,300,1,22222,5210,43012,-26000
18.86,300,300,0,17012,0,43012,-26000
18.87,300,300,0,17012,0,43012,-26000
18.88,300,300,0,17012,0,43012,-26000
18.89,303,300,-3,1285,-15630,42915,-26000
18.9,304,300,-4,-4152,-20840,42688,-26000
18.91,303,300,-3,831,-15630,42461,-26000
18.92,303,300,-3,636,-15630,42266,-26000
18.93,303,300,-3,441,-15630,42071,-26000
18.94,303,300,-3,246,-15630,41876,-26000
18.95,304,300,-4,-5191,-20840,41649,-26000
18.96,304,300,-4,-5451,-20840,41389,-26000
18.97,303,300,-3,25532,-15630,41162,0
18.98,303,300,-3,25337,-15630,40967,0
18.99,304,300,-4,19900,-20840,40740,0
19.0,303,300,-3,24883,-15630,40513,0
19.01,302,300,-2,30093,-10420,40513,0
19.02,303,300,-3,24721,-15630,40351,0
19.03,304,300,-4,19284,-20840,40124,0
19.04,303,300,-3,24267,-15630,39897,0
19.05,303,300,-3,24072,-15630,39702,0
19.06,303,300,-3,23877,-15630,39507,0
19.07,304,300,-4,18440,-20840,39280,0
19.08,303,300,-3,23423,-15630,39053,0
19.09,303,300,-3,23228,-15630,38858,0
19.1,303,300,-3,23033,-15630,38663,0
19.11,304,300,-4,17596,-20840,38436,0
19.12,303,300,-3,22579,-15630,38209,0
19.13,303,300,-3,22384,-15630,38014,0
19.14,304,300,-4,16947,-20840,37787,0
19.15,304,300,-4,16687,-20840,37527,0
19.16,304,300,-4,16427,-20840,37267,0
19.17,305,300,-5,-15076,-26050,36974,-26000
19.18,307,300,-7,-25886,-36470,36584,-26000
19.19,308,300,-8,-31584,-41680,36096,-26000
19.2,307,300,-7,-862,-36470,35608,0
19.21,307,300,-7,-1317,-36470,35153,0
19.22,307,300,-7,-1772,-36470,34698,0
19.23,308,300,-8,-33470,-41680,34210,-26000
19.24,307,300,-7,-2748,-36470,33722,0
19.25,307,300,-7,-3203,-36470,33267,0
19.26,308,300,-8,-8901,-41680,32779,0
19.27,308,300,-8,-9421,-41680,32259,0
19.28,308,300,-8,-9941,-41680,31739,0
19.29,307,300,-7,-5219,-36470,31251,0
19.3,307,300,-7,-5674,-36470,30796,0
19.31,309,300,-9,-42614,-46890,30276,-26000
19.32,307,300,-7,-6714,-36470,29756,0
19.33,305,300,-5,3316,-26050,29366,0
19.34,307,300,-7,-7494,-36470,28976,0
19.35,308,300,-8,-13192,-41680,28488,0
19.36,307,300,-7,-8470,-36470,28000,0
19.37,307,300,-7,-8925,-36470,27545,0
19.38,307,300,-7,-9380,-36470,27090,0
19.39,308,300,-8,-15078,-41680,26602,0
19.4,307,300,-7,-10356,-36470,26114,0
19.41,307,300,-7,-10811,-36470,25659,0
19.42,307,300,-7,-11266,-36470,25204,0
19.43,308,300,-8,-16964,-41680,24716,0
19.44,307,300,-7,-12242,-36470,24228,0
19.45,307,300,-7,-12697,-36470,23773,0
19.46,307,300,-7,-13152,-36470,23318,0
19.47,308,300,-8,-18850,-41680,22830,0
19.48,308,300,-8,-19370,-41680,22310,0
19.49,307,300,-7,-14648,-36470,21822,0
19.5,307,300,-7,-15103,-36470,21367,0
19.51,308,300,-8,-20801,-41680,20879,0
19.52,307,300,-7,-16079,-36470,20391,0
19.53,305,300,-5,-6049,-26050,20001,0
19.54,303,300,-3,4111,-15630,19741,0
19.55,304,300,-4,-1326,-20840,19514,0
19.56,305,300,-5,-6829,-26050,19221,0
19.57,303,300,-3,3331,-15630,18961,0
19.58,303,300,-3,3136,-15630,18766,0
19.59,305,300,-5,-7544,-26050,18506,0
19.6,304,300,-4,-2627,-20840,18213,0
19.61,304,300,-4,-2887,-20840,17953,0
19.62,303,300,-3,2096,-15630,17726,0
19.63,304,300,-4,-3341,-20840,17499,0
19.64,304,300,-4,-3601,-20840,17239,0
19.65,303,300,-3,1382,-15630,17012,0
19.66,303,300,-3,1187,-15630,16817,0
19.67,304,300,-4,-4250,-20840,16590,0
19.68,304,300,-4,-4510,-20840,16330,0
19.69,303,300,-3,473,-15630,16103,0
19.7,303,300,-3,278,-15630,15908,0
19.71,304,300,-4,-5159,-20840,15681,0
19.72,304,300,-4,-5419,-20840,15421,0
19.73,303,300,-3,-436,-15630,15194,0
19.74,303,300,-3,-631,-15630,14999,0
19.75,304,300,-4,-6068,-20840,14772,0
19.76,304,300,-4,-6328,-20840,14512,0
19.77,304,300,-4,-6588,-20840,14252,0
19.78,303,300,-3,-1605,-15630,14025,0
19.79,304,300,-4,-7042,-20840,13798,0
19.8,305,300,-5,-12545,-26050,13505,0
19.81,304,300,-4,-7628,-20840,13212,0
19.82,303,300,-3,-2645,-15630,12985,0
19.83,304,300,-4,-8082,-20840,12758,0
19.84,305,300,-5,-13585,-26050,12465,0
19.85,304,300,-4,-8668,-20840,12172,0
19.86,303,300,-3,-3685,-15630,11945,0
19.87,304,300,-4,-9122,-20840,11718,0
19.88,304,300,-4,-9382,-20840,11458,0
19.89,304,300,-4,-9642,-20840,11198,0
19.9,303,300,-3,-4659,-15630,10971,0
19.91,304,300,-4,-10096,-20840,10744,0
19.92,304,300,-4,-10356,-20840,10484,0
19.93,303,300,-3,-5373,-15630,10257,0
19.94,300,300,0,10257,0,10257,0
19.95,299,300,1,15467,5210,10257,0
19.96,300,300,0,10257,0,10257,0
19.97,300,300,0,10257,0,10257,0
19.98,302,300,-2,-163,-10420,10257,0
19.99,305,300,-5,-16020,-26050,10030,0
20.0,304,300,-4,-11103,-20840,9737,0
20.01,303,300,-3,-6120,-15630,9510,0
20.02,301,300,-1,4300,-5210,9510,0
20.03,299,300,1,14720,5210,9510,0
20.04,300,300,0,9510,0,9510,0
20.05,300,300,0,9510,0,9510,0
20.06,299,300,1,14720,5210,9510,0
20.07,300,300,0,9510,0,9510,0
20.08,300,300,0,9510,0,9510,0
20.09,300,300,0,9510,0,9510,0
20.1,300,300,0,9510,0,9510,0
20.11,300,300,0,9510,0,9510,0
20.12,300,300,0,9510,0,9510,0
20.13,300,300,0,9510,0,9510,0
20.14,299,300,1,14720,5210,9510,0
20.15,300,300,0,9510,0,9510,0
20.16,300,300,0,9510,0,9510,0
20.17,300,300,0,9510,0,9510,0
20.18,300,300,0,9510,0,9510,0
20.19,299,300,1,14720,5210,9510,0
20.2,300,300,0,9510,0,9510,0
20.21,300,300,0,9510,0,9510,0
20.22,299,300,1,14720,5210,9510,0
20.23,299,300,1,14720,5210,9510,0
20.24,300,300,0,9510,0,9510,0
20.25,300,300,0,9510,0,9510,0
20.26,299,300,1,14720,5210,9510,0
20.27,299,300,1,14720,5210,9510,0
20.28,300,300,0,9510,0,9510,0
20.29,300,300,0,9510,0,9510,0
20.3,299,300,1,14720,5210,9510,0
20.31,299,300,1,14720,5210,9510,0
20.32,300,300,0,9510,0,9510,0
20.33,300,300,0,9510,0,9510,0
20.34,299,300,1,14720,5210,9510,0
20.35,299,300,1,14720,5210,9510,0
20.36,298,300,2,19930,10420,9510,0
20.37,300,300,0,9510,0,9510,0
20.38,299,300,1,14720,5210,9510,0
20.39,299,300,1,14720,5210,9510,0
20.4,299,300,1,14720,5210,9510,0
20.41,300,300,0,9510,0,9510,0
20.42,299,300,1,14720,5210,9510,0
20.43,299,300,1,14720,5210,9510,0
20.44,299,300,1,14720,5210,9510,0
20.45,300,300,0,9510,0,9510,0
20.46,299,300,1,14720,5210,9510,0
20.47,299,300,1,14720,5210,9510,0
20.48,299,300,1,14720,5210,9510,0
20.49,300,300,0,9510,0,9510,0
20.5,299,300,1,14720,5210,9510,0
20.51,299,300,1,14720,5210,9510,0
20.52,299,300,1,14720,5210,9510,0
20.53,300,300,0,9510,0,9510,0
20.54,299,300,1,14720,5210,9510,0
20.55,299,300,1,14720,5210,9510,0
20.56,299,300,1,14720,5210,9510,0
20.57,300,300,0,9510,0,9510,0
20.58,300,300,0,9510,0,9510,0
20.59,299,300,1,14720,5210,9510,0
20.6,299,300,1,14720,5210,9510,0
20.61,300,300,0,9510,0,9510,0
20.62,299,300,1,14720,5210,9510,0
20.63,299,300,1,14720,5210,9510,0
20.64,299,300,1,14720,5210,9510,0
20.65,300,300,0,9510,0,9510,0
20.66,300,300,0,9510,0,9510,0
20.67,299,300,1,14720,5210,9510,0
20.68,299,300,1,14720,5210,9510,0
20.69,300,300,0,9510,0,9510,0
20.7,300,300,0,9510,0,9510,0
20.71,299,300,1,14720,5210,9510,0
20.72,299,300,1,14720,5210,9510,0
20.73,300,300,0,9510,0,9510,0
20.74,300,300,0,9510,0,9510,0
20.75,299,300,1,14720,5210,9510,0
20.76,299,300,1,14720,5210,9510,0
20.77,300,300,0,9510,0,9510,0
20.78,299,300,1,14720,5210,9510,0
20.79,300,300,0,9510,0,9510,0
20.8,299,300,1,14720,5210,9510,0
20.81,300,300,0,9510,0,9510,0
20.82,300,300,0,9510,0,9510,0
20.83,299,300,1,14720,5210,9510,0
20.84,299,300,1,14720,5210,9510,0
20.85,300,300,0,9510,0,9510,0
20.86,300,300,0,9510,0,9510,0
20.87,299,300,1,14720,5210,9510,0
20.88,299,300,1,14720,5210,9510,0
20.89,300,300,0,9510,0,9510,0
20.9,300,300,0,9510,0,9510,0
20.91,299,300,1,14720,5210,9510,0
20.92,299,300,1,14720,5210,9510,0
20.93,300,300,0,9510,0,9510,0
20.94,300,300,0,9510,0,9510,0
20.95,299,300,1,14720,5210,9510,0
20.96,299,300,1,14720,5210,9510,0
20.97,300,300,0,9510,0,9510,0
20.98,300,300,0,9510,0,9510,0
20.99,299,300,1,14720,5210,9510,0
21.0,299,300,1,14720,5210,9510,0
21.01,300,300,0,9510,0,9510,0
21.02,300,300,0,9510,0,9510,0
21.03,299,300,1,14720,5210,9510,0
21.04,299,300,1,14720,5210,9510,0
21.05,299,300,1,14720,5210,9510,0
21.06,299,300,1,14720,5210,9510,0
21.07,299,300,1,14720,5210,9510,0
21.08,299,300,1,14720,5210,9510,0
21.09,299,300,1,14720,5210,9510,0
21.1,300,300,0,9510,0,9510,0
21.11,299,300,1,14720,5210,9510,0
21.12,299,300,1,14720,5210,9510,0
21.13,300,300,0,9510,0,9510,0
21.14,300,300,0,9510,0,9510,0
21.15,299,300,1,14720,5210,9510,0
21.16,299,300,1,14720,5210,9510,0
21.17,300,300,0,9510,0,9510,0
21.18,300,300,0,9510,0,9510,0
21.19,300,300,0,9510,0,9510,0
21.2,300,300,0,9510,0,9510,0
21.21,300,300,0,9510,0,9510,0
21.22,300,300,0,9510,0,9510,0
21.23,300,300,0,9510,0,9510,0
21.24,300,300,0,9510,0,9510,0
21.25,300,300,0,9510,0,9510,0
21.26,300,300,0,9510,0,9510,0
21.27,300,300,0,9510,0,9510,0
21.28,299,300,1,14720,5210,9510,0
21.29,300,300,0,9510,0,9510,0
21.3,300,300,0,9510,0,9510,0
21.31,300,300,0,9510,0,9510,0
21.32,300,300,0,9510,0,9510,0
21.33,300,300,0,9510,0,9510,0
21.34,300,300,0,9510,0,9510,0
21.35,300,300,0,9510,0,9510,0
21.36,300,300,0,9510,0,9510,0
21.37,300,300,0,9510,0,9510,0
21.38,300,300,0,9510,0,9510,0
21.39,300,300,0,9510,0,9510,0
21.4,300,300,0,9510,0,9510,0
21.41,300,300,0,9510,0,9510,0
21.42,300,300,0,9510,0,9510,0
21.43,300,300,0,9510,0,9510,0
21.44,300,300,0,9510,0,9510,0
21.45,300,300,0,9510,0,9510,0
21.46,300,300,0,9510,0,9510,0
21.47,300,300,0,9510,0,9510,0
21.48,299,300,1,14720,5210,9510,0
21.49,300,300,0,9510,0,9510,0
21.5,300,300,0,9510,0,9510,0
21.51,300,300,0,9510,0,9510,0
21.52,300,300,0,9510,0,9510,0
21.53,300,300,0,9510,0,9510,0
21.54,300,300,0,9510,0,9510,0
21.55,300,300,0,9510,0,9510,0
21.56,300,300,0,9510,0,9510,0
21.57,300,300,0,9510,0,9510,0
21.58,300,300,0,9510,0,9510,0
21.59,300,300,0,9510,0,9510,0
21.6,300,300,0,9510,0,9510,0
21.61,299,300,1,14720,5210,9510,0
21.62,300,300,0,9510,0,9510,0
21.63,300,300,0,9510,0,9510,0
21.64,300,300,0,9510,0,9510,0
21.65,300,300,0,9510,0,9510,0
21.66,300,300,0,9510,0,9510,0
21.67,300,300,0,9510,0,9510,0
21.68,300,300,0,9510,0,9510,0
21.69,299,300,1,14720,5210,9510,0
21.7,300,300,0,9510,0,9510,0
21.71,300,300,0,9510,0,9510,0
21.72,300,300,0,9510,0,9510,0
21.73,299,300,1,14720,5210,9510,0
21.74,300,300,0,9510,0,9510,0
21.75,301,300,-1,4300,-5210,9510,0
21.76,300,300,0,9510,0,9510,0
21.77,299,300,1,14720,5210,9510,0
21.78,300,300,0,9510,0,9510,0
21.79,300,300,0,9510,0,9510,0
21.8,300,300,0,9510,0,9510,0
21.81,299,300,1,14720,5210,9510,0
21.82,300,300,0,9510,0,9510,0
21.83,300,300,0,9510,0,9510,0
21.84,300,300,0,9510,0,9510,0
21.85,299,300,1,14720,5210,9510,0
21.86,300,300,0,9510,0,9510,0
21.87,300,300,0,9510,0,9510,0
21.88,300,300,0,9510,0,9510,0
21.89,299,300,1,14720,5210,9510,0
21.9,300,300,0,9510,0,9510,0
21.91,300,300,0,9510,0,9510,0
21.92,300,300,0,9510,0,9510,0
21.93,300,300,0,9510,0,9510,0
21.94,300,300,0,9510,0,9510,0
21.95,300,300,0,9510,0,9510,0
21.96,300,300,0,9510,0,9510,0
21.97,300,300,0,9510,0,9510,0
21.98,300,300,0,9510,0,9510,0
21.99,300,300,0,9510,0,9510,0
22.0,300,300,0,9510,0,9510,0
22.01,300,300,0,9510,0,9510,0
22.02,300,300,0,9510,0,9510,0
22.03,300,300,0,9510,0,9510,0
22.04,300,300,0,9510,0,9510,0
22.05,300,300,0,9510,0,9510,0
22.06,300,300,0,9510,0,9510,0
22.07,300,300,0,9510,0,9510,0
22.08,300,300,0,9510,0,9510,0
22.09,299,300,1,14720,5210,9510,0
22.1,300,300,0,9510,0,9510,0
22.11,300,300,0,9510,0,9510,0
22.12,300,300,0,9510,0,9510,0
22.13,300,300,0,9510,0,9510,0
22.14,300,300,0,9510,0,9510,0
22.15,300,300,0,9510,0,9510,0
22.16,300,300,0,9510,0,9510,0
22.17,300,300,0,9510,0,9510,0
22.18,299,300,1,14720,5210,9510,0
22.19,300,300,0,9510,0,9510,0
22.2,300,300,0,9510,0,9510,0
22.21,299,300,1,14720,5210,9510,0
22.22,299,300,1,14720,5210,9510,0
22.23,300,300,0,9510,0,9510,0
22.24,300,300,0,9510,0,9510,0
22.25,299,300,1,14720,5210,9510,0
22.26,299,300,1,14720,5210,9510,0
22.27,300,300,0,9510,0,9510,0
22.28,300,300,0,9510,0,9510,0
22.29,299,300,1,14720,5210,9510,0
22.3,299,300,1,14720,5210,9510,0
22.31,299,300,1,14720,5210,9510,0
22.32,300,300,0,9510,0,9510,0
22.33,299,300,1,14720,5210,9510,0
22.34,299,300,1,14720,5210,9510,0
22.35,299,300,1,14720,5210,9510,0
22.36,300,300,0,9510,0,9510,0
22.37,299,300,1,14720,5210,9510,0
22.38,299,300,1,14720,5210,9510,0
22.39,299,300,1,14720,5210,9510,0
22.4,300,300,0,9510,0,9510,0
22.41,299,300,1,14720,5210,9510,0
22.42,299,300,1,14720,5210,9510,0
22.43,299,300,1,14720,5210,9510,0
22.44,300,300,0,9510,0,9510,0
22.45,299,300,1,14720,5210,9510,0
22.46,299,300,1,14720,5210,9510,0
22.47,299,300,1,14720,5210,9510,0
22.48,300,300,0,9510,0,9510,0
22.49,299,300,1,14720,5210,9510,0
22.5,299,300,1,14720,5210,9510,0
22.51,299,300,1,14720,5210,9510,0
22.52,300,300,0,9510,0,9510,0
22.53,299,300,1,14720,5210,9510,0
22.54,299,300,1,14720,5210,9510,0
22.55,299,300,1,14720,5210,9510,0
22.56,300,300,0,9510,0,9510,0
22.57,300,300,0,9510,0,9510,0
22.58,299,300,1,14720,5210,9510,0
22.59,299,300,1,14720,5210,9510,0
22.6,300,300,0,9510,0,9510,0
22.61,300,300,0,9510,0,9510,0
22.62,299,300,1,14720,5210,9510,0
22.63,299,300,1,14720,5210,9510,0
22.64,300,300,0,9510,0,9510,0
22.65,300,300,0,9510,0,9510,0
22.66,299,300,1,14720,5210,9510,0
22.67,299,300,1,14720,5210,9510,0
22.68,300,300,0,9510,0,9510,0
22.69,300,300,0,9510,0,9510,0
22.7,299,300,1,14720,5210,9510,0
22.71,299,300,1,14720,5210,9510,0
22.72,300,300,0,9510,0,9510,0
22.73,300,300,0,9510,0,9510,0
22.74,299,300,1,14720,5210,9510,0
22.75,299,300,1,14720,5210,9510,0
22.76,300,300,0,9510,0,9510,0
22.77,300,300,0,9510,0,9510,0
22.78,299,300,1,14720,5210,9510,0
22.79,299,300,1,14720,5210,9510,0
22.8,300,300,0,9510,0,9510,0
22.81,300,300,0,9510,0,9510,0
